address,count
0x000002114fc40119479F31B99C79e315F90cA527,1
0x00000AEB691b7F32532F2FBa66076af1C499A171,1
0x000f4432a40560bBFf1b581a8b7AdEd8dab80026,1
0x0025308A300EdBe4d1e3b01Dad1cb221C483C0De,1
0x0029ABdBEa9a58b665fB490C6505Eb391318927A,1
0x0040DAAC32D83c78546ae36dA42A496B28ab09E1,1
0x00444797Ba158A7BdB8302e72da98dCbCCef0Fbc,1
0x00535aEf587078EE9dD0f791eF9eF673F296eFEC,6
0x006C7AC05903191cc42B64C77C30b0556b4fFE27,1
0x006fCAAB1b6c0442f13A7e973C2313E75c30c95b,1
0x0087a081a9B430fd8f688c6ac5dD24421BfB060D,1
0x0097495DA85482aD44275B640dc9b95d0A462128,1
0x00D3BAf1080b1Cfb5897225a21EcdcC25a1F4456,1
0x00c0798C0Df1e87069417E76b8Ca4fA089D051f1,1
0x00e13f97e1980126cbe90F21B9C1b853878031Dd,2
0x00f91504046cB47D24b7ac9EE6Ae8f407BdCa65f,2
0x0160f156bE6f9Fa133dEdF1a0340Bb67ecBC41fb,1
0x0182F3BD1B0bb60c43fab5A9dADE0d9B3fE53F51,1
0x019f4aD7eA31cfa55625094298EE34966d334C7f,1
0x01A65849819a8A826c2de8eA5151F5294A0AC66f,1
0x01AB07010c2F4bf5971537669Cc19d5D8Cf320A0,1
0x01C58E66a5498625d6984d1fb72c736aC853c7bA,1
0x01E6b50557eF1a2ca58A621998aCe3f278E808B8,2
0x01b9369cf8624E1f9960864c18411B4b07Eb91AC,1
0x021067690C34aBa3B0A317C0E16D3fe52373092C,1
0x024A71CDc65E6EAEE2383a4097c5B35c95e8F009,2
0x0259119359Bf053ebF42C9807752de6bbb4925f3,1
0x028ef25704dec7Ac8F8920D8c8fcfcCC70F0ADE1,1
0x02943a285B2d597dA8e7673EB325Ee1d5F59A9F6,2
0x02d197839712d3b6DecB9E913fF820bb2b41d337,1
0x030850ec149221BCE137c018c2c3259e7040704e,6
0x033d815f4FB30B2459A396E004C5A7EcFE30Ec39,1
0x0345fA5dc69C9cA90a441215E2fA8A0B36469286,1
0x036E0BE744a12Cf1d2c290e4447c920f7517A7d0,2
0x037206ACaa8EE3da02e9abe429F51255476A64D6,1
0x037cDD64F9b2E00fc6B7a1aA3E6152AFF8718540,1
0x037eea675C674079E3fE99530A474Cf55E533dc0,1
0x03B09978214eBb7B0542ebE3aa0a442Dbd652AB3,2
0x03C1f0585Bd1Ac0f1b53627E601E9A26DD7ec752,1
0x0417926c1504f17892cff3B0D0FEeDA89C711fCE,1
0x042Cc77196183b8C3D08Dc2acB74C1a456B131a5,1
0x043c1272F536DdaAC6595d2e44ce26217CB3E86F,1
0x045d3e2131D82B3a39634f7e558D792EF2aB179A,1
0x047C4d7Af709ae19D3BBbD5F9E10461d2554dA00,2
0x0481ac68Cc3CB70f71C537C9CC14a6DDc29881B1,1
0x0496f6B6a376D1aa3E1dB8e6fcb333F3246bCB54,2
0x049808d5EAA90a2665b9703d2246DDed34F1EB73,1
0x0499491b005243073C3F0ee8873885cE2a2b2206,3
0x04A0f10c0Dcfa5a4C060E5421f385c2A0E541a94,1
0x04Ddf96a61C4C44731f04Df4E963F61CFE3c9c6d,1
0x04Df8D02f912d34FEf12a1B0488ee56FD6f7416c,1
0x04ec77f9Dba488677e34A470C50cdB3C0e0d1152,8
0x05066e4954D95529C45548fcD0d77fC213867C86,3
0x0553cb474D6e83434Bd454a94Ec42953225f369a,1
0x059736f0eC4D6e2cd0AF8Ade628c2a4AD260B72f,1
0x05d3A5E1D88B8525C4f096F78A40a8a14Ff2034F,2
0x05f9E07AFCcD4ea69310e316f4c5Ef81Ed3ED9c8,2
0x064e0435Bcc8F4B5B7b7256620b935C56b785256,1
0x06500496820754aec033DA65bc48CB8A485FCc84,1
0x066b00f790347e3B3f1fB685F56e4DB33d1ba21C,1
0x06864F65c07c3468724d7c770bbA695E818f8d71,1
0x06A90b3269e5043482299FfC97d2F13ed00E14db,1
0x06da20fF018e3Dc3cFA9ea16f687bf3b22668914,1
0x06eDc4Cc1EAc57650D9b53ea043709D5d84870e0,1
0x0722692DeB9c7b0B910C75e7d07C25A0CE920Fe2,1
0x07726d7e4ed80c8C64a8dd27e64F876Bd4225744,2
0x077fCe25226519991894821B2ec60a4BC26CE610,1
0x07898507BD4fd5B0a35AB67c830586AeFe3060d5,1
0x07B99E42281DE5eA004fa955ED9d7f51B7022dbd,1
0x07C47D382183ADC21CD8d9aCF5905Fa799825444,2
0x07Dae622630D1136381933D2aD6B22b839d82102,2
0x07EAa17a305D6ecA9Aaf0f9C89F5Ae4432b29212,1
0x07ffA6Fe4e45e810984Fe1548c67fF027D57b14F,2
0x083fc10cE7e97CaFBaE0fE332a9c4384c5f54E45,4
0x084AEE7a5e39595bcCEB34E12451b1F13826af9B,5
0x085226C2909E35208A98f0b97B91726745f9F590,1
0x085843DBDe124AB8baBD558fea60534962628338,1
0x086132aF06003626B03B850beaD54F5Ca68543b0,6
0x08D5Bd85e9CD8AB2D970995EB1357065fF12AE48,1
0x08DE5e275668DBF7c2f121265257EeE8c12B0c6A,1
0x08E9Eb6FA297c5D9C19aA72B0Ab692582471186A,1
0x08FbB279E8F9db67CB6496cC7a3CF9E539525E20,1
0x08bf62CDAC411373a0217F4320769e54F55aaB5c,1
0x08c9573a3a9235B712237747a88989dCb24d4a34,1
0x090E1Fdc0CB866317751F0621884a203a8d797aa,1
0x0921a087A7A976065aE6F7EbE0a5b7a9F0A55a37,1
0x092D49b4dA05E97507d4469fa3389ba35A47D875,1
0x095a7d540D17c93D942279e2748dab681d58bcf2,1
0x097c39E5E576A8706404CD0D81e05b522f5bCAfF,1
0x09b43A8FDADDDADE8e75c18A20a6FC0DBe4A1F68,1
0x0A1A4CdcacF16AF7514717E115a3798f88ACBbF8,1
0x0A348C3385d0Dc1aF2627D9187628856495F130D,1
0x0A93f3372087FFec3934da8a0f2fE9961CEC5606,1
0x0AD6F0Bc2300d311bC51cee76899d1f737748cdF,1
0x0B14307eC91297168CfBa36730e4D95618e698C7,1
0x0B54B916E90b8f28ad21dA40638E0724132C9c93,1
0x0B6F60605cFaDE51afC47e9E488E3262728BD3dB,1
0x0BB31C6278d58CfF41B7e8Ed3B20f76424fD69Ad,1
0x0BacCDD05a729aB8B56e09Ef19c15f953E10885f,1
0x0C343408fbEE92BC86A0ba2B53950e93260B4647,1
0x0C3d030eE625b3135Fdc9C1CE0598b51c37262ee,25
0x0C4085d8E714CA77aC5F46CD2b80A92d238A7CD3,1
0x0C5a2C72C009252f0E7312f5a1Ab87de02be6FBE,1
0x0C8fB96bF3bC4E6007cFa52D4d9697acB8D346dF,2
0x0CC53968892952e8E9DB306bb6270C4Fb093b5B1,1
0x0CF7DcDdF516759975fb6AcA0Fb70db1Dfa2e165,1
0x0Cec743b8CE4Ef8802cAc0e5df18a180ed8402A7,17
0x0Cf3c92CCD423ab2De718963Bed5f70228A958B0,1
0x0D298f8b6e73A8e430EA7514fb72Bc4090b3069E,1
0x0D2bF8e3D505Ac813F10316803a9Db1fEd3F71cC,2
0x0D45E1DdD9a7d0d9D5dA638b90e7E235cdBE88A1,1
0x0D46bda2Bb9165507C03d98cF0b809f10A831607,1
0x0D8F628f23455074b6b49aC98DCe5F4AdBfa5F3d,1
0x0Ddf1Db7d4e4eA20510682722F93E639baC6C036,4
0x0Eb21ed8543789C79bEd81D85b13eA31E7aC805b,3
0x0FCD78E98E68c89744fa06F11011491074b166bD,5
0x0FDa32B8144e206c78b6Baa3d6826AE8574eC263,1
0x0a0A20cD66c43e7d788a341E8bbfCa89cB47B0f0,1
0x0a24f077377F2d555D6Dcc7cAEF68b3568fbac1D,1
0x0aF613C254718d084c25F3EA8FaccEE5e664Bf24,1
0x0b13f13c0E99F24b96A835B787D1347B33d87776,1
0x0b175b65CfeE530923b02Be4fdD0b3A219663f17,2
0x0bf880C6a93A7fe662Febbf482d42eA740D897E3,1
0x0c3a00e863B818dcbD3b0742a88C6489640d62A5,1
0x0cA5a04835A805676F1221BD2EDb052195e6f90b,1
0x0cffcea7104b2242534a0b280c662ACb1de69adf,12
0x0dD51EC7DB167B34bF4380cc1476D85B5E32109d,1
0x0dDAFB4C1885Df3088f21403DAdc69E0b6E963d2,2
0x0ddcB606E82E031E9eac01afB7fB2D54e64C2855,4
0x0e5697f39b2D8Cc2Aa7D3344FEaEf8F21850a717,1
0x0e63EE1a039bCC422b1bAaF65C7aE30C497d3FC8,1
0x0e82AbffCa057Ae7db1F4B86aD5E2063138c2b3d,1
0x0eFa6252A87aB1693E97B6B7688F42eCacac37B2,1
0x0f581F00f6A318873e77715eF8953df226427aE7,3
0x0f6B9A3D613b052CB17012ba760b40f6d39cc6f0,1
0x0fB198D3b2942eC80cED2a4430E815211AE59395,2
0x0fD2B674A8e0B1a8255627255159C99d11AD43d0,1
0x0fFd1dc2e313a3f10ac9E1b0916Bb3752F400091,1
0x0fbECE585FDbD5a8d4Fb546350e26e543FE39419,1
0x1028aa2eb48258eD8A4FF80AD734F98904c15189,1
0x106C21874eaA24d3bF34139281Ae5f1a82A101b6,1
0x108f4F2C87089c55281c5747b4F503eF5Fded861,1
0x10ADBC1Cd06f64162CAF639b838Fe66d0dB04869,44
0x10E3085127C9BD92AB325F8D1f65CDcEC2436149,1
0x10Ef7a599e5b43eb18e35365c54aF12E2644C108,1
0x10b57e68AAcADE7280A6A46575B63E51e275CE50,1
0x10d12277A6a6D24ea560859963AFD0e61Bc9D8Ba,1
0x10e5F36dD743918522F627749b02fAA80988d1eD,1
0x11067596fF981C6A0722628ab9c4d70CaCc12bC4,1
0x1111a00deD4E8A1858DD44a96C978478dFE9B191,1
0x11419d53a310375e690356EEF380Da6b9254D99B,1
0x1143ef4697e8c2b7748Ae345B355818e8BBe5a36,1
0x1146A21769f81C9F2DE05eAE4dd117241B17D3c5,1
0x1151D9EDA4d6415b57851F39894c0bC69134e86C,1
0x1162A2E340C3b6b845E2993eE6807aC67Ff4230C,1
0x1187d55F7B4dBDbE99557FB5Ce64087ee7350eE1,1
0x11980e4FBe1A84C81581D9beb62cB6EC65CE750B,3
0x11B1785D9Ac81480c03210e89F1508c8c115888E,1
0x11F17B26e6Ad2D31dd5Bba3c0aB94ee899d2141d,1
0x11aa33DEBD37b6aD118ebC03036DC24Bc4813E21,1
0x11d67Fa925877813B744aBC0917900c2b1D6Eb81,2
0x120EbFE81c44003cd5351731709e30f9681dAF74,1
0x1242a09776F6979B3D9a1c5C797fCEf7E80cB659,1
0x1297ca257eFEEc6F07D44951e8d7aA8aBA10e73c,1
0x12bb2D969b59Ff2830c1C6D760A2b87e8204109c,1
0x12c307DC92B9e3Fb0895825264726C60e757BE57,2
0x13020Ccaa0eDF74BD5d281dE6c8C571bf9142239,2
0x1302c202ef727FD656cb6356ef6E8B3Aab64AA58,1
0x1356Fc911032aE6EFa4905177cfFF028ae063ad7,1
0x1375AC1C4b39121Ea902f32A6549875598d1cDd9,1
0x1378aB57a444Fa594cf9c8e01D6DE0c0F9E731A1,2
0x13816F65bA8195768E6825EB774FD3C6A05a0ac8,4
0x1399a4E68D94918025096FCAFa1e36059FB10F1e,1
0x13FeFdD563A930F07B1aC8A2227Acc27c3C12946,1
0x13a8553355C967aD688F08F7fCe4A9d4F06b2fa1,2
0x13ebd3443fa5575F0Eb173e323D8419F7452CfB1,1
0x143d168e02522dd9F3F9678Df4De73B557aD0b40,4
0x14466d035Ed00533bA245E0E69C04Fa4ACa949e7,1
0x146BAADE6ECc534394a26C5E22c431c1EeE0e3c7,1
0x14A03CA8740A0044E63d3Bb0432540d9509473d1,2
0x14AeCa1919466Dd8210d129e29a6e74cf95FDde1,1
0x14D511f21138eaDe3eDaBF1a572a327bF2b889b6,1
0x14D92832265eeAFDEF9e526356FEfc90105966c3,1
0x14E56Cf9e6257475F9B6310ADc98865Fc24D6504,1
0x14Fe305a170128Fc21ddB6e3e22fA3844A77589e,1
0x14Ff0Bc9417B6796f79768729002A793b51205B8,1
0x14ae8100Ea85a11bbb36578f83AB1b5C1cFDd61c,1
0x1540F6fA70c04E5a5daC6A134D9dD03Abd301B1A,1
0x1577Dd8C4c7A20b2D2E37207Cc73ebe88f322B11,1
0x1586f51e9AE927AdD32e426Bc3aa17516516fae7,1
0x15965132f45bA869E3cd2e424EE3dDd9AB8D09f0,1
0x159ba66EfE1E337A262c4BC56F80d7D637D40446,3
0x15CDF4E02055C44231fd6D8dAfD487b192697421,1
0x15E696e03cf87f23A2b864948eaB5595797ACA6a,1
0x15cfd653015f4620171A54466672d174D0e74d2a,1
0x15d32cC2A0A6Ae8406Ce0298f4B203CC51706070,1
0x1605f534bf2B74c7Ed30e0f187caA2FCB337de3a,1
0x1606eDc2F5E0D8E112df69Ec314e707e13DFCA78,1
0x161EA288055b58Fb182F72b124a5d0F367b099E4,1
0x163CA2217d74637Aa2e65a353E662238dc72D32A,2
0x166B6770f7513ee4BE7a88f7C8d250E5E8BCbfAF,2
0x166ed9f7A56053c7c4E77CB0C91a9E46bbC5e8b0,10
0x16Ce1B15ed1278921d7Cae34Bf60a81227CFC295,1
0x16EC2AeA80863C1FB4e13440778D0c9967fC51cb,1
0x16Ff7860bfD31F7855d04e0E63A2b38b59FdefF5,1
0x17410e536EcCd44b63147ACc4c22984dDA7682de,4
0x1786D033D5CbCC235B673e872c7613c2F83DA583,1
0x17cA2674104cb60bC2a43b8413ae87c16DccBfd1,1
0x17cF6Db98B05a0329c983f3a3b45d37d9cf1De86,1
0x17ed77494201A2974E00b33B36BA21D561e3b511,1
0x181f70acF6291AFe7aaeA60733D30510bF17fc48,1
0x186f8b7e03b1E0a6ee1CC814FED6d68F7571Ffc5,1
0x1880965C24448cfCceE3b329B6de724E5C15618D,1
0x18EC63D88ab28743A7bAE47a5B03baEA278c48D2,67
0x18dA9085a18329297Cfa466f20D998d1162A628E,4
0x18eCB1afd1caceDfCE0a36E283d3d1a90A7350fF,1
0x191458D229EAFe1E246e4c28d346fCb10AcB12A3,1
0x193F0Ee42a199A0CECD479a9F09BA293eB1CA357,1
0x19973eDb91bd3f1AcfF0d7394fe53815065bBdAa,1
0x199efbFCCE43Fa755362E2c44c7e01e87cc35831,2
0x19D5383b9dC8723659dF1cdC66cA1D2E69bF7b30,2
0x1A42DEd8c988dD9CF5aF3DC505511D53181F0a9B,1
0x1A929b5d550C45ca8A0cFDB82F7c9C15FC278f31,2
0x1B2f066126475d61bb7a24261Ac30EAB00d84c40,1
0x1B312Cc76b59a12d3223b26d6DFd72b89B506caE,1
0x1B6b6bEdbC40A236a54Ae47032BeE739e22A1F9E,1
0x1B86a345C38850712A1730f5d0e3712249F07c09,1
0x1BbA756587e4D3C9273030a81D142bD960D141bC,1
0x1C41D8667E815451c6EfC242367cd15F0a4564DD,6
0x1C4e90fC8bdAdE442aeD58f8011db5A17A2E7199,1
0x1CAADed48bC6a8BC81A3668cd6C1796B80bC0Bdc,1
0x1D3Be5692A66257007AE37e25DD89BbD0F92bbb3,1
0x1D9567009bD44B791F0b66474BBbEE1F44e35578,1
0x1Db9BaFfaaCe4fe4B4dd7b14c7Acf3c234cf4dce,1
0x1E145e9cD3E1E4F91eD9D20890b59d1e8d264bad,1
0x1E3Fe690eeaCA1bC9DEde96ece39241cCD5DF640,2
0x1E7127c81C8A58661a0811F026B6bE66533934bE,3
0x1E8eE48D0621289297693fC98914DA2EfDcE1477,1
0x1E96682FADd54A2FF49D8E906DA4d04eA119Fe99,1
0x1EF69826e4ec8Fd164D4837a5a5613c483F6d665,2
0x1F31A3a7516Dc5ef328AcAFaB258B7E2d51A2698,1
0x1F427A6FCdb95A7393C58552093e10A932890FA8,1
0x1FE9Fd1156688699F4ca017E72ee0D9873f9d758,1
0x1Fd2978aC57fB2f459EF1AB7812b58f29aB437BA,1
0x1Fe063d56c4a59409302bDdf5324df9dE0d25B65,1
0x1a221e6E5C5C6C395e6bfe0acd2a2D435667Bf62,1
0x1aC5d648599B9767b1a1bd13eB8BF082B4C157c2,4
0x1bA12981833EC62721208F5E66f4201521F47339,1
0x1bD9582F085B2F4575FFD53DD5c9Ea328A677191,1
0x1bfCC34DadaA1154bB5f6dC2b7923f3b5cC256f7,1
0x1c25421E70966A81C7e4d0bF1E65Da92bCFa8125,1
0x1c3354d276b49fE8941a09b822a9100d50E88727,2
0x1c59F8CBC9be8f3887C2e7da0084f32BCd7d072b,1
0x1c9A285aC5A82d70bbFA69cC7754D3Be60973557,1
0x1ca40244739dfd77efc7534B5b5cA39b37fe26fe,1
0x1cbA5265adC2Ef75c196d61EBB41cfa62a59f6B8,2
0x1d1473c50fD1b266a2F304f3034814Aa978D8D84,1
0x1d324d1e6B8e984e3d7B058460F7c902d7bC2bD5,1
0x1dDe8492F3BeF456C49D718B413491fdB7fd7214,1
0x1dF8991799298b02f2d6E92Ae1D66EF5D5e5a8D4,2
0x1de6EeC2c08830BbEC7884F1Fc6b502521Ae2e54,1
0x1e32a859d69dde58d03820F8f138C99B688D132F,2
0x1e48133bdbb228691EC85243603A187C6aBfE0E9,1
0x1e6D25889Ca68811cB834F7Cce9c21267c25570E,2
0x1e9FF7d98e9d1Ea8b0a14E8a5617bbB6e64ba1CC,1
0x1eb322c016815EE5b29c071586C1B75Be5934576,1
0x1edf07D711A0cB9269f5683461F9fE3C6D686E4f,1
0x1f6b6A4a06Ee7fc2F93F4D2620003F377773D513,1
0x201b5Abfd44A8F9b75F0fE1BaE74CDaC7675E54B,2
0x202C4a0c28293C279af6312BF8D2603bBB533A88,1
0x204600c79f0Bd8696bFCEE13654F16703449145e,3
0x20786F71Bb42F2029D6ec3917A8e6772dcfC3569,1
0x207d6A2cFD7Fe8a94177B618c476F98112c5333D,1
0x20B6092AF3EBAC8ca3de20Aaa2F6c8B83E5C66BC,1
0x20Ec8fE549CD5978bcCC184EfAeE20027eD0c154,1
0x20F9E5a17b00350F1EAF9Ad18Bc5be0D54c0bc3F,1
0x210ce89c0fE5222ff262E71f1c3243f1BfDeB113,1
0x2154bBcE5bbf61F51de52daAd0D055dBA455f1A2,1
0x2172ce197F56E102f81940A1CDd727247d1030ec,1
0x21bDFE7265a702D7f462B46c00a0fB39B39B9972,1
0x21d79c2Be4ab3de2802a60Da66f86D497D06102B,1
0x222e1884FB4A382118D6c0222C8f78f678EACAcF,1
0x224f17BB6610c833c89B63754e6454a605df48B5,1
0x2252eF7D8Dc46c4a5587cf84f38A2c5c955a6E5C,1
0x225c4cfc17d5ee7BF3E682396B12C0F6A7709d7d,1
0x228c1334fc57Eb6E02EcC448E749a041124321c1,1
0x23605990A938Cebf695C41f83628e02D92e4B27e,1
0x23727EbdE0056732754Df6a75bDE03FcD8706F35,1
0x237421c2dce5B0c9ceC9F001BA8346c109D69834,1
0x237C3BFE4165350e9E3fA7A361B07B5C3417BD06,1
0x2389D565bbcDE1d6403109f9d8277FCd8A8a6d2b,1
0x23dB246031fd6F4e81B0814E9C1DC0901a18Da2D,1
0x240Cf70D8A648BE133fEB342D71E5e81C686e5f8,1
0x2416665568F872D2d85970e8ac7E14B7bE63D239,1
0x2458f163c231BeaA673C903894060430cCA101be,1
0x2468a0C24270B13544f3D2A34FDcb7fA6592622f,1
0x2492A8400813764952c89a88232F1221858D9C10,1
0x249E361933C95Eb0b13Ec15880D5B0De1B6424f7,2
0x24F700BBa64905C97dD9F1cAc3DAcA8BA81f0285,22
0x24b8ceD0A0F84A90c40c6B659b4d06219e0C5cbd,1
0x24d734a75166e66000C8d7f12A173e41358e3cc1,1
0x24e0559FB69839D4575adEcED88C0d45129e1069,1
0x25125E438b7Ae0f9AE8511D83aBB0F4574217C7a,1
0x25A72cf069192696021282d5BF34e965C029031F,1
0x25B28EE7f335F0396f41f129039F1583345B21b8,1
0x25B9f3Bf60c74a7041115Cf6Fac3Dc3715b2a8Ee,1
0x25F5204b6768773665F084e7d06Eca3cCD47af5D,1
0x264E467841f02DC85e60d39E103BF1831243aC06,1
0x2655A14770B9C5f04346475D3b2F1f9220AC55bb,1
0x2655aCd028268B65A6ED68376da477Edc9431459,1
0x2683fc888dAf4850133E349A614c48F03CC126b7,1
0x26A89D6a6A9470ac84734658A795e66662DD4EBD,1
0x26D863eEF3B7302dCfeaEADea3A550bFC1fbF923,2
0x26bc7dafF54a8Fe4D385C37d6D56b0400A66aA0E,1
0x26e2e8a24E867E5e96eA0c4913e659cDC8A97973,2
0x271adFa12DE6894EA3f38e1148Aa07d0f21fb9A8,1
0x273BA31C706b9D9FdAe1FD999183Bfa865895bE9,1
0x276B83BbbA75E033DB5Db4e80566ac295A138768,1
0x277Dcda2c8410F83cD502857Add5159eB83080b0,1
0x277c74f45724945b2066F305fcb5a609312390E2,1
0x27AF2F76C801C50d6a3572Dc74Df89F5Fe54Fb62,8
0x27c6DCcF18d6e66942dc5a250B1618B6B3A44036,1
0x28430f7eB70406a74FdF01a62C1C162cD3A04f00,1
0x2856cf9905D923469bB749e9787Fc953B0a321e8,1
0x285b7EEa81a5B66B62e7276a24c1e0F83F7409c1,1
0x285fed35cBEA271A711681e84fFd83c68a596A75,1
0x28aC9E4EECa87b5310Cb64fbE8Ff22F498Deae07,1
0x28f1C7448530CaF2B4aFe482BF26FE3d76eBCED8,1
0x296E0C21DB4061EbF971e55d5db85011E7Ff9797,1
0x2992aE1837fd3E5722495d078b599E0b9C5B2Cb5,2
0x29Ab273646be01b60A1da50c4b94091951868248,1
0x29C101239AcbB1dC884e8563520D4eEe13893a91,1
0x29C4dbC1a81d06c9AA2fAed93Bb8B4a78F3eabDb,2
0x29FACEEc357d9747Fdc909908332007868cb0380,1
0x29cEF0Fe6e1db4FeAf589FA3cc94553B96126b8E,1
0x2A243F91Ff748DBdCF3e4a8B02eb874E96844E94,1
0x2A25DDf01A25eFdB9762921cA2dA80aD93EEF79A,1
0x2B1828AA2fE6C34a9D527D6dA76474c6Ea72e816,1
0x2B27E5D64b88508b43a3f051aD1ceE399ea8DeaF,1
0x2B888954421b424C5D3D9Ce9bB67c9bD47537d12,2
0x2BD703b6EF4599f6E0d0aF0FBFCc8c24d46eFB78,1
0x2BFe66759f0331066F3E7D57b3DC9a96bfC17927,1
0x2C3021bBBe1A8d50C200f9489B557377ebEcDF9a,1
0x2C3cf96409AE51b021B035Fa4EE587393a8f67f0,1
0x2C44e0827B6b50F369A7b51970D82cEaD0754B45,1
0x2C7121dCbd8e2288cd3E181D2C3B2477527C3e81,1
0x2C8c87C017f88Aad3f25C6C1c63bc44c99d21DB1,1
0x2C9D9677aE51a79F3a4c99c0aeFcac3f7A0F7065,1
0x2D06FeD0BA1C91B8c594634e7F61C273985B023e,1
0x2D407dDb06311396fE14D4b49da5F0471447d45C,15
0x2D576D5F4c985C3627c03D05475F778dda9fA4E8,1
0x2E21f5d32841cf8C7da805185A041400bF15f21A,1
0x2E7296EBc57Fcf7c0b112D2a46062017bE2b1792,3
0x2EA92c2D57E5c3594C93bC999C03bb04210136bd,3
0x2EceCf5a33d038694133BbF3A22AEAFBc96d4B04,1
0x2a6ca22b088dae1Aa7eed2E2Be9C232F2426a423,1
0x2a7A36211d306cEC6CdaD19c48840b5B9F9423E6,1
0x2aD5E873B17C87C57f64De56cbb16714d3bD72Af,1
0x2b26dA567C2A8c220daF91be8E37A429D33AEF0B,5
0x2b47C57A4c9Fc1649B43500f4c0cDa6cF29be278,15
0x2bA3c1C9A01685C7B4aA947F40D09E6CA0391F25,1
0x2bB33F3219d8F9c3917662fE7F2F96e727a3e851,1
0x2bB9F760473cd2695301ab8cf06931d61f0BD4d3,1
0x2c45150Ae4d926D1E17D00D49c26525B44e41186,1
0x2c452073377ec65b4B8c7DFA995624D60028CD53,1
0x2d5a6d7AB823d0BB44cfC2c35651c4bE04B416DF,1
0x2d680c10ed036fDcE8E070367C1b8bac3e25282B,1
0x2dB6AaF4518Ad553b45f962fC7476d3B26B6b9b5,1
0x2dC58f7Cb47B5bc558B6b0D80a03a921156BA4FC,1
0x2dbC5e8f6a2eAADd01c044CBA36764d6536866b5,1
0x2e1C62353efb3743729E1aF6c234b32cC4EfAF85,2
0x2e9b4499778Fd4b19Ad1779ADDA565420e17Ee16,1
0x2f1162613b382975095CD8C952E5DC27F9fE357A,1
0x2f305B270519f22B71b9498fA3D698c0817716ef,1
0x2f858384631B4b4F6b9dC3f64a4bC0eC36bddA2b,1
0x2fb396a205992Ab85e90121f6E503d981e4cF6C1,1
0x2fc51af93e9D60eAC777cd2E09CB88c67B99ddB3,1
0x30Df16cd7D612C5B25bEb0331486b127a42Ac371,1
0x30ddDDe80843855eA3d7570C11A5c993365E5b20,1
0x3112911479ea9d410b54A7c52f59651f3Ac6d11a,1
0x31140AB2d10bA2162726bBA322D88F923a9a96A7,1
0x3143c21f07155EfeBc08362d85ff8bd6428395Fe,1
0x3147A0d966b90190e693D1aCC6EB876c86DA4Ad9,1
0x314eb4CEFD47Ec30BAEd4D23D9a1d45E4A968B35,1
0x316B98C6df382BD218186D0766966459A199Dd04,1
0x317Bc38b66566566529C41462bA774F489b4a63f,1
0x3186E4e6A988Fb0aC66acAF80FCb3516C8fc0dc7,1
0x31C683A67f0e3919a86fead9241d94f34679F11F,1
0x31a4F19CFCe1C48f7dCa8C948A87756B77581b91,2
0x31cB881144CE25cf6c51A9C342443606944dF5fD,1
0x31f45f2278a23Ef31A5485d3Aa98178e7F39710d,2
0x3213dE70C799551fA21dCB7d612552f4d65CD7e3,1
0x323794C012DF58d68843D745c75eA536D870c7DA,1
0x323fB8eeE73c078aEBBFb4c4C96A96C5A54952B9,1
0x324De1A2B630a318aB474958FB5C7A52463f639a,1
0x325c2D1854ECEEc13BD8A6FEbAe584070d6f5E17,2
0x326652CD2D325A5B5AE80bE9b5831A4486251da4,120
0x327AAA04D1cD5652a4819AB365d15837AeF333B2,3
0x327b9dEe1830F8201efa751fd96F7B1aD0b300A1,1
0x3280A6c6Ad240061721045981d575812B2bfdf81,1
0x32C8d674e5012e2c2f1fCd82eC650635d137c5c6,6
0x32Cbd4cB8147Ae61401626caebcF193166Ca057F,1
0x32Dc2cdC78cDd824dB9Ad1006e8659dc2EA8d29e,2
0x32EAc51F54C02502415A89c34Bd7D1bCE345DAAE,1
0x32aF6b48574d5601C8f49a986b2eCD917dbEa06b,1
0x32cb4d6093B854061c63C1D3f243347a45A17E0B,1
0x32e49Dda638696B15ea3199DBc7441d18431bE46,1
0x331C6903851feB0d625AFaF4125D75f1A20d00cb,1
0x331fACcC525e1A984bfEF82d419C556eCc24946f,1
0x335147a6afcFE1136d9341c9a264F4A69616AD7a,1
0x336c82E4F54e1a6a3adB1fB115c9a6ef3A2B2b11,1
0x33C885AEccBde0Ad709638760324F6DEccC8A894,1
0x33FE24D01539C99c50ecbABec91e05B0F802C0B9,1
0x33b670487EB6942A6964e730660AaE1A25B23cE3,1
0x341C03e874B9b245b66C553CF62888439d1C8c49,2
0x3499a461d06E08C799fe59F30557F0F989009D91,1
0x34A903636158a5e5929a6cb87171c7e0dD2BA6B9,1
0x34BF52A78c19e1a4f7D6dDfc76665A45a87236C6,1
0x34bA50A7034E5b1eF1C8a18d8f3BcB74c61C9821,1
0x3522fB8D7012d4bfb8B57FB157988d517412D929,1
0x3525Fc7312BC8FbcEe37467A809c3F365A568160,1
0x3557dF0CF26c6E70163513f085Aa5Cf931ADf454,1
0x3562284915C74A8cAa56a0edc656f8a538d6CE68,2
0x35642DE97d6376DD55240Ffd35FAfD2619515e54,1
0x359AFe14202A131CFa9C59244606a2b0c26d7773,2
0x35a214b13c9E223B8D511f343aC8Fa94293233a1,1
0x362B2Ce5cd32b8B7c381E064087c0214d3b8F174,1
0x362Bc666CA29D62e0D7b42AdAb58157EC0899A7f,1
0x36803EEF72A2b2c7d815B4E74b75fb5cC850E349,1
0x36867A20de281A3735E4eCFC7dC4E207665A73dE,1
0x36996bDd5742136Bb0DC2A8038111f33C64f9152,2
0x369E32aed1Dc5c33C85ab20977fB645A803E4A70,1
0x36B4FF2A2c79545353F0888090A68a1B79202Ea9,1
0x37A6156e4a6E8B60b2415AF040546cF5e91699bd,1
0x37DBA16C4f2993228D4E1eA30524E4780ceD41a3,1
0x37Ee670E2294a7aF28Ba34a69aAd31f69d308De3,1
0x37aA566d8D88B3D4379309681E2dc0Ac1b453ecf,1
0x37b3fAe959F171767E34e33eAF7eE6e7Be2842C3,1
0x37d63649527cC66eeE5B6d96B3305f0f764618F5,2
0x37f7Ff1864f5D5CBa2b63592656049F2D7D06FB4,1
0x383ccca6d1983325eE15Bf7589F3919383c699a4,2
0x38430336153468dcf36Af5cea7D6bc472425633A,1
0x386F7e4d32322c41BC616159Fc7CF467d08E9645,1
0x38C581D376af690f92E3a4f4af2CcD0576F9857e,1
0x38d1dFC5D7AbB5B32888499265DaD7786b10fA7d,1
0x38dAEa6f17E4308b0Da9647dB9ca6D84a3A7E195,1
0x3939d22aF089BdfbB96322744234F69dB1aB52F8,4
0x394195f788541166DFf932a828455a8a940d75d4,1
0x394A1eD95e7f67f678bfF14E19F75ba7Cd31Bc84,1
0x395Ef2d7a5D499B62Ac479064B7eAa51ae823A22,3
0x395F36ebde1D7549eb7F0C1dD70C864B753e9F79,3
0x3961B39418d88A1CE6e249b60E0Ba168A4C41eeD,1
0x396F0e55fA33513441d556f84a6eA5c6Fd7d217B,1
0x398118e249F7C2a36Ca1EBdB71212ec870465Cc9,1
0x39E856863e5F6f0654a0b87B12bc921DA23D06BB,1
0x3A2D016124DF975850b84A6A970ECd5725bF793D,1
0x3ADb0a552e70CD6CA481B0EcaA19d32117419387,2
0x3AE8a332A51361aB6b9159529A1A007804F6F3B5,1
0x3Aa485a8e745Fc2Bd68aBbdB3cf05B58E338D7FE,2
0x3B0B9cC12f8B25b0DE21880087735EC8E2324acC,1
0x3B2cfB9Ad60a3F1aB3758CB2Ef82aa857b97CBDc,1
0x3B4DaA9fbd96445fAfF116164Ff634C976f3aD58,1
0x3BC52a196bab833947F47CE24600eFa360530698,1
0x3C57Ece6C13AA7946060690aBE03a4F7b90c4868,1
0x3CdC023314Fd6B6DB8138c66deC2292D13E25E6f,1
0x3Ce82c9485d903836a732BF383b5f51D8b2E6140,1
0x3DAc271d1B36A434880C527A678B6487AC9C1F8c,1
0x3DE52FC645A215D841c6891B9CBf193EBC728814,1
0x3DF51C76e46bDe1416BEF8a8Ddc40d9B2CcdE3Df,1
0x3Da767cf37B8eD100718E7623932f3A867538Fd8,1
0x3E13Fd392d3FeB075b58F309d84C20698a54c10B,1
0x3E247331B5E8dA06cdA48dA76974c385D34239aA,1
0x3E7E3830db5D75D1a75460AD04a8245404E8909E,1
0x3Ec6732676dB7996c1b34E64b0503F941025Cb63,1
0x3Eedb85DA27CAC4ec83ab5A8A38F18b0eDbC7042,2
0x3F5da40E20C96a2E442ef6707cDB21f15EFC6723,1
0x3F7a002e6950c101d83bC606E773379AE238319d,2
0x3FaCD0bDDa069434D6311CF32673341B1B0D72Ff,1
0x3a52f03f678bF051834110090e9C9Dba0Ccb7e1B,1
0x3a7249b510aDd84A2196FB0FAD9d8B745d807286,1
0x3aBc47B2eaF118974BE6DBFa35b4E6971415331D,5
0x3b4dc2B06218EfD3e5938BB19E1bC412073B4563,2
0x3bb0FE1d19E1f10A457Cd3D26Cd0dB78DFdd677E,1
0x3bc6420c6eEE45ad8Cb3290b5b2F34a8E6893464,1
0x3c2964a374a5b68d2464A9c60b5A1B5F3f0503b7,1
0x3c5Aac016EF2F178e8699D6208796A2D67557fe2,1
0x3c6C0c4EDa9f73FaDa5220B5E9a7d73c521367f3,1
0x3c843E613978779B13e0C633004b18c99703c1D5,1
0x3cD9B8a61b96f7A95F039840aECBb696Eadd6F44,1
0x3cE5E3E3F5a75d1B8490260A9b0a042C41F9767d,1
0x3dD48AD861F0B77D1312F9C95A13e52871Ca95e0,1
0x3dc9c874fa91AB41DfA7A6b80aa02676E931aa9F,2
0x3e567F772119f9Db7091D3B2fBBc019CB2244369,4
0x3e661a9E834A2A8b7B41764aBFf273b84aF37040,3
0x3eb0c38dCFaF92889cb81B124114b6E3A195Bb96,7
0x3eb6Bf5B7AC2B683c787f7aac59683A8d05d885d,1
0x3f4d0a6654c8365B42DcAa8AA92d9034e2A6141f,1
0x3fa91aDfa4397688118B2d7dE72A4744E2BEDDc4,3
0x3ffcc98c0C0B85987fe3Eb8AE825FF12C0D239F1,1
0x4007CE2083c7F3E18097aeB3A39bb8eC149a341d,1
0x400aBc3DAE98Ec5aEEF2681b40D4CEd0A5aff934,1
0x406cBFC2d391bEd42078138165465128b4E0CB06,1
0x407E5C8a607A5f3B7d3b4ffa1C51D965d9b13083,2
0x409ac9C16B2CD569EC06bb9eceF97eeFDe0e8054,1
0x40D80168B6663700B6AE55d71a8c2Cf61d0C1225,1
0x4127143a866Bf5D8AD2AFb6de8e63164B8Ad5bF6,1
0x4143F535c06d72A1B73a6AFF971D4f21Af435444,1
0x41441caCd33778C0a781B9646F4640a95EE53A3D,2
0x4149D0917349a7167258D0a77506d6f3CB7B18C6,1
0x417afF82D2cd9fD39fE790Af5798ae865fbe8C48,1
0x41d99f70fe069E8E16C00D827ff58d53EC43E12E,1
0x424411F75609375CDbeAD866A8e26615E8281802,1
0x428DB4b92b965b425DbdAeff039Ff0e04088fc15,1
0x42Ca45B785d87b8375DFf176555C745b27D69DA5,1
0x42Dd6252b9be3Dad03220E8F730C300564d741a8,3
0x42EdC9E6a511bCC25503E1eFF7cA77b635fB39Ba,1
0x42FeeC5c7e7D3c725864A2716CA357Fa9993CCC0,1
0x42ccF4f456D7c7fEBF274242CACcD74AAa0a53d7,17
0x42fb915d37f3A4ea92C29f217A74465a1f331B83,1
0x4306D7a79265D2cb85Db0c5a55ea5F4f6F73C4B1,1
0x432DcBdA06e8B296CA29705572D7cb6315Ed8Bed,1
0x433679D1909B6f79ed1782Ab97b9072245D242a6,1
0x434c9C230668dF9146046Dc08FeD388594Ebb6CB,1
0x4352CDe451EDa47bd2397C3591d13257589659E3,1
0x4358076e8489308C94693dfdbF21A8db425a8b2c,1
0x439547cA425Cf76846aC3D713e5c57E8a9Dc4Eef,1
0x439B5E3B9af606327558ADd370197d3A7C492d7B,1
0x43BefC4D62bB6Cf213A2E9E0236211266Fd15d66,1
0x443b29e221b54f7bE8C0805859f57028CFF0A1CA,2
0x444111CD376893AFCd7405239CE72b64d5A22958,1
0x4442994Dc1852e67FD69532A15E4c76a8A1Eaa6a,1
0x444441E930f1335CB1c50702E0DBdd3B6E1E70B3,1
0x444478fF49a4A113868b75c48f51b6bd717DfcAF,1
0x444483c2d87a6C298f44c223C0638A3eAc7B6ea0,1
0x4444A136b1445B1f5e4a20656854adCF6Fa3d667,2
0x4452170774BC1E12Eb52B426dc74a7Ec38B8C17A,1
0x4460c5DD37449B8f10B6De80126D4139F6551f7c,1
0x4467554DA9e6e79EF5F90f0c0fCBf7D645c394CF,1
0x4477d68F69fEf46b888E7d04251690157dAF70c0,1
0x454C8cb20881a1b624266b1DFC995E331fC2FccE,5
0x454e61C0d74024a26F94faE080f6a234DB8b8b39,3
0x456B939C025361CB1749E0038763BE4b578C7fA0,1
0x4572581Fc62D4477B9E11bb65eA8a1c306CbBa3D,1
0x457EF283951E8d3114B8B86981125eDbc0563EE5,2
0x459e03Ecbe6078F9981765b8E7dD2106C4E369DA,1
0x45c02D48D3964F675C03A2f6F60A1eA10832F834,1
0x45eBC736090424b36106c4A29714B10bB19A5C72,1
0x45fBaE76F1081DF48e90E056d693F3BD4B91d90f,1
0x463414cC81fde41E7809DBF2aaE5B0A140f8dE5E,1
0x4680349eF7F6b7ce243AC29a680bcd02444e17cc,1
0x468c2DAC680F0600bf8C86b6A8BBFfC81f82F159,1
0x4692C87c62C71fc9A2B58f39B99D1304f7f033B6,1
0x46cD90445349e64F895c403c23839e79eb4065e4,1
0x4724144c79bDdD2E35A3cC42f2B679A85b88e377,2
0x4730F5dDE6dAAd4B9381F261c9f6f76CE6A9B4d3,1
0x473668E5F99e0E0bFa66C2C979e9cd26761f2F62,1
0x4743ed9E06FE530798654E27dB3508Fa14683671,1
0x477Ed32dBa1d62c5be558010F067007c436BBD4f,1
0x47CB7B53db912402ef423DcD9aD7368C4e33E0E9,1
0x47ff9ad855fcAC477f56501B3F4170Efb71Fd3F8,1
0x481427DB49fc515C4243F13293a7EE6C11BF0A82,1
0x484C211aE86e22E4201CeFa8FC2fd9F343dAE192,1
0x487b4705D624B1EcbDc490fA0d645b7421E7c8A4,1
0x489Ca42521F4B6803f493973085FFe4796416a7B,1
0x48f2bd7513da5Bb9F7BfD54Ea37c41650Fd5f3a3,12
0x4900D8590380d73604d2f0c53EB6Bb013032c6Da,1
0x490AD648CF8c807E0F3600989483883268834E0A,1
0x4922fa21986EeC7Ee1742fa26d2C9C7e8DA22418,1
0x494baa3479B7F4E72036E2f9c042dfa94bbc72DF,1
0x4975C0829DeEa96DdEF21BB5479799b7b2EE62Ed,7
0x49BE89682318bc5B79fCf33c51eE2bc518FBa992,1
0x49D4038F96866eA29CE60Ac162b122041603495F,1
0x49b3E04E8cb4e08fbb81A2083C094cdCf7bc85Cd,1
0x49f12aA0c250e9624D37De0f4d715CefFee65469,1
0x49f86794fe566DEAd8F8198729E5fDF37Cb7F6ab,1
0x4A136Ae1BC78a3b4E83303D4fAD2C5978F08D6d2,1
0x4A24fd841E74C28309BCa5730B40679e18C5FcA0,1
0x4A43cdD49823743572c40AdD69B78445c325cCbc,1
0x4A7489a3e94eFc8f4C4ee266ED297d3031f123A7,10
0x4Ab5E3F0b2d1604dD2002CfEcA6163802D74c6Cb,14
0x4Ae607c31760BDBFEF336D9FF999aeA69150B872,1
0x4B009C851fCfed1E6fb81CB4693540425e643e61,1
0x4B71dEFc95e00cb5ef9892EED91bF3209Eba8Ca1,1
0x4BF66E52f3009Cd138e48f142D47661037160001,1
0x4Bce1d711EA4e033aD5E7d48d2F63fB24FE4b5E3,3
0x4C8C3910cBB8B964d345005C20599a003aaCb4ae,1
0x4CB571Bc36c18dc3d5503DA8838D6213D8FD0975,1
0x4CF57d42B8aB8D7Bfa9Be1cdC35Ed84429cD2168,1
0x4Cc5b8a073F883Ef1772ffAe1a3516f7010395B4,2
0x4D0e439ba905EB39aee88097433aDd619cf5257b,1
0x4D488285ba529da21c3f103Cbe52a73D1D3838a6,1
0x4D7a19fa20B81E1D703de390e11825D63FdF02E5,3
0x4Dacd010e15e220bC6C5C3210d166505d2b6c63A,1
0x4DcfC6e74667faF03fCbb3351979a87F9B025c04,1
0x4E31A317252bb035Ad08628036f3460957b58EB4,1
0x4E609a968abeaaF866fde46a400847A9462F5931,1
0x4Ec89BA6558eF10b3435246de77Aa3bF8F2bA745,3
0x4F1a63e53E67bE6Ba0f497D91a3259686d41A540,1
0x4F571F8db2bEDA04f34094e6D59f95bC4a3395B5,1
0x4F942119E6Ab0a6e4368e795d1d64291a3Ff0dA4,1
0x4FcFcE8c5dA399Fb11999625F207539af1f637F3,2
0x4FeB5e8b30b355653E27470Ef4a1F3D5cd355762,1
0x4a16de74A784215e03081C308EDb582F0a4568C9,1
0x4a23Bdc1cEAD7c485e08f36b0F65e518589e71F6,1
0x4b003868bBD5ADd0D1251553b829E58Ba3CdCd3c,2
0x4b5C4C65471E13F96E3fE3C39CBb37B9415cf999,1
0x4b5ba19D44715f747f10F17fBA8210E166E2FBb7,4
0x4b7f6bfD248f541eB5474f591D54Bc29444946db,1
0x4b8A4D312FA8867A7a6bdE233be107767134EC17,1
0x4bb402271667A25d31935d13Ff15D2a8f8d08456,1
0x4be56744370b6f2B144216ca94e78a6Ad0b5C06B,1
0x4c1109EBF88879f7873D8b04f18683dad23CD0C5,1
0x4cBb1c3bF586Daa4D0165249161C4b188bd7Ec42,1
0x4cd6B970F42B41Ee58c2e4B7aB99863d5AE52A23,1
0x4dEE9375240B7e77B512fca825A08F391312116A,1
0x4deA836ba883f87A4FA941584E73928f3de8ee69,1
0x4e885cA3571919Ee52FC8Ff563fA66a74bB9f334,3
0x4e8DABCcF53c16Bc2D26a029766466D7e8F5c242,1
0x4eCb0C8eA80B8c42aC18C405E12880304Cbd7D70,1
0x4eF72636664E3348791357588b7d3BF61d29f4DF,1
0x4f4C0446B8027745Cb3C3c4b240DF693BB0401d2,1
0x4f80Cf2317A8aa11F17a2cE8CA6A7cF62df913Fa,1
0x502973C5B044DeDD61f4412846526eCC021872AB,1
0x502b69542619449a77A981521aA930fe5aF654bA,1
0x504C11bDBE6E29b46E23e9A15d9c8d2e2e795709,1
0x50664edE715e131F584D3E7EaAbd7818Bb20A068,1
0x5071aF77F17050477d21350E6DBeAC13b5e7928F,1
0x507E2135DA72698044a8E6FF042324a18D73597B,1
0x508f46A66c0F40B3741581a159ab10Adc732bC27,1
0x50A708E5dfE836601931Af3ff6169e5F4e5536ea,2
0x50D5E77a1019B3bccccFDb3E0A9E145Af43A9443,1
0x50a7fa1B39EeC9043de18E07703d2C857Cdc25F1,1
0x50aaf4A619be1d52376933f90fd519149ef906d0,1
0x50c1627C55f14F072d584e2783b548D6D84808d0,1
0x512fce9B07Ce64590849115EE6B32fd40eC0f5F3,1
0x518bFA4dc55f7cC3acC706E2886c24a2F1f93314,1
0x51B526b051B16ae8318A3ad1c46a23BfE5E55686,1
0x51C7f7FF7A7816FFe65f99739576CaB58fAD7e63,1
0x51DDCa207af7AF147cA7A93a1EC80eC0D34E7f0e,1
0x51f4FA8844909Fc446FAbFbD8e58100065713fDF,1
0x520304321Fa982f1Ecd8Df55C30C3066753927FE,1
0x520768717F317893E749b363399f51Bc8A092Cfc,1
0x521CF86848E5a240232BbC6678AA4Aa89A28A43D,2
0x527C0e06c570545070564284B782E7d58A6E6458,1
0x527E836E394c0EF0F2a54AEF491A86358D2aCD70,1
0x527d1c66917c91ACfafF873524F98249dEDeaF8F,1
0x5299227765598896bd240220CE1810d7Cf126bEc,1
0x52C2d554D17D0f56a43e6f4F2E64fdc92979a749,1
0x52c9A7E7D265A09Db125b7369BC7487c589a7604,1
0x52dEF6C112BfFC66fC8C8258539d4d8C30c5000C,1
0x52e80cF2b97974e4935A1e1273a1971F70aB1Cb3,2
0x5338035c008EA8c4b850052bc8Dad6A33dc2206c,2
0x5339D626398f841D67B106E3654365e3445b349a,1
0x53797A73169C9cEC4B573db7139703152fe9E41D,2
0x538DeD4D0d461206AE8E0c021d5179D3a31D2b12,1
0x53D8EDF6a54239eB785eC72213919Fb6b6B73598,1
0x53E8f0dBDff96443C97d7DCC8e0F9bf64079E85b,3
0x53b517968dbD242De0348A2f0d70D55C1BF7BcD3,3
0x543B556c1B16804d2a39F054F06dF4Cecf2f167E,1
0x543D74cf340458b1F2a848b052b0db4698F95584,1
0x543fF206Ed1012ae777987A883bfdf0bef70BA23,1
0x545D84D77465FDa17799166626D0689a1e052dF1,1
0x546f0e3226e901f446cc3453dBD3e4d09F65E805,1
0x5473d829512703192906376d5fE1f4399FeC781a,1
0x548F668D7c82c7F69d39a5C5A0E0A64071a2d602,1
0x548efCE69bb82a16f3911a86a65384327c99c3Ab,1
0x554b2770223d7CB3aa32B4454B7079b7eCA3c2ff,1
0x557068A9b7d66F97A61b97C80541eb17672E1e6f,47
0x559B2a1b72Ed057458601B0818fb8675480ffEa7,1
0x55A5Dba003eB7494DB6c26C77e21a69e098fCf48,1
0x55D2cBE4ee7197D201826eD79a804a46dEfFAA22,1
0x55E1602c77e762742d69DbC57Ee5F016Db83f2D5,1
0x55eC183DBa87a23E0a21b5138fC868f1D1732bD7,1
0x561229A9241652a2Eaf99ED49A30724C08946371,2
0x5614137eA33147428f5DF217a16E9e3e5c6bec32,3
0x5616d6C3DFEBdb6635dbcFb8230a7eFBD2e83e4a,3
0x561CA44C612ae18842F02c1741FeaBbB715d39b1,1
0x562257821731283b842cF689Df9941ddBeC3a2a5,1
0x5691CCeA44Fc4a53886fF1b8666c89321f73C49D,1
0x569BC622b89157cD8F336e96EE4B0468C4fEE5aA,1
0x56de2EFf85E255641dA7cFc2f87Ce5fA0f28214F,1
0x56fb82cdF1Eba7d9d75a1c0961C49aB654B818c2,2
0x57140269c527d7EBCCD2A9766eB8c7FD18E0Bc2F,1
0x574B4546Cb756A8d36EDF5907f4Cc963A3CAb612,1
0x576Ce7CfE17d850366DEb87481062d91d73f2c11,1
0x57A02E77fC4d41cA808959850f2dd23f2DF4A72a,1
0x57E116836EE1C5745Ef9B57484D3d16a0b24CaBE,1
0x5815d8951967E202d9b5380Fed6C9F0a7FC71C5C,2
0x58275071fA2bde67C3FEb667c65F2a9c78144486,1
0x5833869fdEB4D371b854D7474F5F84B43320FD05,1
0x584C7A88179C493D12083094b6e335C267d4C41b,1
0x586634c272DFA3894Ee9B99836541DeE35660F34,1
0x5873d3875274753f6680a2256aCb02F2e42Be1A6,1
0x5876d971Cbcd2E5C0c763BD23487b51dd09dA2d3,1
0x5888B4F0a087A32182CE1A726102a830617338e9,2
0x588f79EC1f0f1e8FB5fdeD80BFdb6a80e12EBc47,1
0x589B36660627B80B7bed6d5Fa9397c93B3b4E14e,1
0x58A81CB6bB0B5673c18B46cD91B7E4289Fc5dd55,1
0x590Ef336b0617900Bd61201cC34c3CcEecd20381,1
0x599aeabF519932Db28f4812E113C9C102dea16b5,2
0x59B94039429754530807772D2995b6a6c1aB685f,1
0x59D5ad0598311023EDB7a2c840BbBAe2b4951D15,1
0x59c9e8aC5F62646338a1a6D6364b192534DDF811,1
0x5A0225da07949b97cE80Da7c80feCCa52E21D36b,1
0x5A2C4E2edFaA654cB1279951eDCcB58c201F6085,1
0x5A6A52A7bF22813882E988135A7D2be805bb0649,1
0x5A746eBE45528593bC3DC29eECE96777Bc30f397,1
0x5A750962755e0f7D6dfbD3Fb343AAf24232Eda2d,5
0x5AD25D19638309907E5057B6f4Fcf9be899f9EB8,1
0x5AEaDFb02963a44FAea8B9974F5F09B831A41Ef5,1
0x5Ae2dF478fa450223Dc64eb3DE88945bc04E4203,1
0x5B01637FD17c1ac79df13dFF4F7080Fdd4cfEC46,1
0x5B042e04Ad18537d02FA0D6E0aCce115cdE53a13,1
0x5B26072557266cB4191089e7Cc339583811aFe46,1
0x5B435be574D63EBD1a502a23948c7a50832e0e24,1
0x5B43f59F17Ea9f95cb60b88B3909118b55784aC8,1
0x5BA17875Ea5F3BAA8E9A06aaf973Ba7c21994C40,1
0x5Be876Ed0a9655133226BE302ca6f5503E3DA569,1
0x5BeB8402c384544580f750546c85d1F8850AB840,1
0x5Bf94136af40FcE25dE77ed59782A7483fd0DC3b,1
0x5BfCD9Fe67A606A6B6756DB3db647ea166E91AA0,3
0x5C120c427aADD217Dbc747CfB960Cae4a20C9127,1
0x5C19f72f40a5C0e243553701aAC6825A4Cb38D2c,12
0x5C5607721021a0ACc528A3a9F5A3e0F1Dd84bA03,2
0x5C7ca6A93a46aE786D99D91ED423A91d6fa13879,1
0x5C7cf5A5DF5ca98e435e66fB0FC04A9bA883A8C4,1
0x5Cff660E5812cAb58e2040C69eDE09Cea2508de3,1
0x5D097eBfc47A2fC41B4A3cb16fDD6bc93435Fbdd,1
0x5D452EbcdcFFCb19BEB7cf190911cDe3B538d278,2
0x5D623F4442DEcE88E8aa7c47Ff99D190A14763aA,1
0x5D6402245Ee7e119bB2e7d2431d318a0d9d70e65,1
0x5DF3B5E9D4c9d447D115D59e7111B809eaB0ED46,1
0x5Da487Ea7278E25288fd4f0f9243e3Fa61bc7443,2
0x5Db2d2a055466E0C5d4CF09869cF2E2CFc47b157,4
0x5E425EB7487968AA0A8E946f81b0BFB54BD04f5e,1
0x5E46884a77E0aC5F3126e30720Bd5218814dc5E2,1
0x5E52AB2D84Ee8144A18552a453d7B9c2D3c8c36D,1
0x5E7285B0ccb11b3ed72ADA91BEc281D1eaE4e28b,1
0x5E827635F1cf30cAC8AB562f801Ce3CfE15A12D3,1
0x5EDAe7594dC0E6998bf21721edA38C24FE200586,1
0x5F37aC0693156FD24c7A39B01C1556E05FF081A6,1
0x5F98A26988c38062d398a6815F629d4314F902B3,1
0x5F9edCd84b3E45C0a0226D0a31722462DD42f54c,1
0x5Fa8Fa0D0f3d45c997e5d31441f56A4f2881085d,3
0x5a35455c3534fD0B652667e6a94a60E3e9A56546,2
0x5a46c3987210FD6FCF4d0c414e895a3f2F211F96,1
0x5aBEd1844D09Dd6422d0a2446045ee230fB97506,3
0x5bd0C43B6D3DF3923C6a29541bfC5aFBDf63498f,1
0x5be28e441F325D8B005839fD69695884f11da063,1
0x5c50B87A490Df4c51F4cA9990145F62c81B9Aad6,1
0x5cFeB45A15305F2A7b7D1E7bE542a179A9C2B201,1
0x5d313639Ef95acB8e66FF481E5F335e28cfB7FEF,2
0x5d4377C603d5B677d797Cb025e777e9b6B106EF0,4
0x5d9AB5C597269668487F4FEc6Be905516678027e,1
0x5de9550680E58896686F871Fd81ae7d5cb8837FB,1
0x5deD7e314c16170fAd098e2B671a8cbFf3005179,1
0x5e27A2447b4f19064f0014D3De3bB0777f7b84c9,1
0x5e382BaEB6ed157Ee733194F19F4d917E925330F,1
0x5e4A31a48098bC9e6bbc496c7f6F1f8418C496D8,2
0x5e867FFb48C0a743bAb214748002c63cB0A23426,1
0x5e8728942678e3Aa089B90BA50e893e52cB49E28,1
0x5eC5e26D5304EF62310b5bC46A150d15E144e122,1
0x5f350bF5feE8e254D6077f8661E9C7B83a30364e,1
0x5f370D192c2B86924FAEE4Acfe817c0AEF2Ca59E,1
0x5f64980b7a1fe9A227073DD81b028dbF1D4b537d,1
0x5f67ffa4b3f77DD16C9C34A1A82CaB8dAea03191,2
0x5f6DD98a74761939A55383EBf679e0617F7878fA,10
0x5f6a6159B32709d0E8BDfd93dFDfe3a3D134bdB2,1
0x5fA5d55f11BA187d4C318b21A2c1B67714b5A9e4,2
0x5fEB5216AD5ec7dCD337d391BC90CCf08dD45fc6,1
0x5fEf57EC758aBdA7c9Ca42F2C3Ae4101B0EE44FF,1
0x5fcf6e9C7E97986a14A79a8C7a69B928A7812dcd,1
0x6016186Cd0a7783800d31C9db9bb25a39844F264,1
0x60446978DfBD2aa78172Fce6482829Df4a70378E,1
0x604591fCEB9DFD8Aed673d96C71027744934c238,1
0x606f73Acca2A45E1514690ed03540eDA217277eA,1
0x608a7a10EC8AE5cA837b4B265808bfd172047907,2
0x609B0B38a741472F237AC68B3d57574BfAC62D42,1
0x60C2847Dd005a346C032EBF1874D5a30632Da7bF,1
0x60C728d2A606d9Fa24E9Df0739a9E8b27582EC60,1
0x60e8b62C7Da32ff62fcd4Ab934B75d2d28FE7501,4
0x610c92c70Eb55dFeAFe8970513D13771Da79f2e0,1
0x6147F2EE655495609260775233D0377a1084143e,1
0x61524303810f8bDD61aEf58af39355Aa353DeDd2,1
0x6165fD87C1BC73a4c44b23934e9136fd92df5b01,1
0x617512FA7d3fd26bdA51b9Ac8c23b04a48D625f1,1
0x618626FD7fDD3E32C2650c0dde15D6913337f0B7,1
0x6186eE05E626FCc3BA60acDbF84cd3Ee109F00dB,1
0x61A4BdE009362B6D47D735a969Ae081E4375C353,1
0x61A9136DEcd6d5eda63c3fD9adB0358F82031A90,1
0x61C4a38D7e9ea4095FA7D507CF72Bf61eb5e1556,1
0x61aaeEa0DBD52e8055aeB106aC8bd7e3221B7406,1
0x61e0822B7077A55148952F2ec43F0effBB623a3E,3
0x61f3B33FFB5a6504C0709cE4Ce4811C973A1325C,1
0x621f2A5ef987e064E76da1EB378e7193CeFC0baA,1
0x6221b8772e58E7B114D7B8e4EE400bfA8bF57986,1
0x624b683e269E77B16B6340e059bAb20481a8fE15,1
0x62657e2819E9Fb802E2812cE43d3B8180d796943,1
0x6283511fC53C60C0a0A1848aC88ff46b5D2496EA,1
0x628f2132410024E8e1D8FfFF03140ddCEb938BCF,1
0x62d589BCAcCAA636827c5e0209468080ff4577B1,1
0x6317BA77Af3B202D29e85BDb8600194874648d54,1
0x634118B21fbC1A53B0D7bcC2fcFa2E735a3B0200,1
0x634cE16a321aEc641b32771D72EB9A31c9BD625B,2
0x6361d3c5b121467a51cdEeAA3c16430865bd2Bc7,1
0x636bF582087E3D52E9790dFC9e86F1a1565cF96F,1
0x6378a11D808Dde4924B95A9777723c931CF1319C,1
0x6385AEae7C6A8Ab8213703783bf7630af10D83a2,2
0x638C0353192caA792E2d679f144da80Ca1512682,1
0x63A556c75443b176b5A4078e929e38bEb37a1ff2,1
0x63cA8086f2e974F25c7D8f80bF8ECE4100C6CfbD,1
0x63deD17a92468166638128740F44Ff4EcE5409f6,1
0x63eAf0c0544c99d9DBDF550659Ef32d3664Aa567,2
0x640D4b5181f4F89ddd01A78D04EF079171ab2474,1
0x64139e6fD19BEcf086A89dC9c5729383bc5eA63a,3
0x641932eCCD1fA318c0195954A29E0d76373aAc9E,1
0x641cF19cBd83666D8E21652981DB09088568528b,2
0x6442c72aBD1a9d14c303277a8C994Fae295b6BCB,1
0x644Be8a25BE30A21E2DFFeAE4FC43937fBCf3efd,1
0x6477241A2Aa2742e2bd19A4374D9Cbd6d78A3d31,1
0x64A35770c035Cde4163C3535D6FA5485B1C5b140,10
0x64BaEb02876AA58078aA25c1c43b7a5492873559,1
0x64f8e38e19c1B6992969Dcd5769c149951018Af1,1
0x6524461F421b13aceAe4a925bF5E2E4BF96dD72d,1
0x652D9F1Dc6032Eaa806351b6c2A9337C2dc5b245,1
0x65465f38B350ae17EbEf4104bd1e69D406F9b16c,1
0x65D3113F809180b1E263F38B8404941A6A7F5299,1
0x65a7C3Cb6d1C3cEf361063C57936d9d4c9D7bCAB,1
0x65ed78c554fc4E43F7e211B2AaE62ecF7d1aB99b,1
0x6662D263A8A24872FD19C4636B82fe0D602C9116,1
0x6671FF6F013793D421Ba95E46A56899F37dB6887,1
0x6687c671980E65ebD722b9146Fc61e2471558dd6,1
0x668b1A719FE8719c6E26b83e4AbFfCA4948a1e48,1
0x66A2C7B0d4Da7E699f6dD27f89b49AB15b0A51e8,1
0x66Da63B03feCA7Dd44a5bB023BB3645D3252Fa32,2
0x66E540e8c04CAbCa90133F64149a0C4347EB3881,9
0x66e1ac8CDF455B52B7e71E6A2F0c0F7d077aAD70,1
0x66fCA1A92A8c783CcF1DB5C5884Ad7C7dF7B57F4,1
0x670E9Bf3aA6A024249D0bac4a608eBA05C21FBd4,1
0x6716c12Fc6ce424a1F364e5C5594354720833144,1
0x675433022c20B799558F3ADE3A2133631F7252D7,5
0x67576aC21bb3A009A7a8a8609f0a22dC64eD644C,1
0x676F3D2c9f5776E09D23986Adc6684fb41e9000e,1
0x67D21ebD269d61Ef8cD9F0f3698869b3d818a4B5,1
0x67F234A7B1E7775eE68667Fe71A7A8e94650fcb7,1
0x67bFe7D0B420Cef9790659aA5D9109EC75F46eFe,1
0x67fb85Ab148F2b73B61fa0dD287ADF3c7d0CA8EE,2
0x67fcE32eE0F1F9d27f3745cc02b1b49D02aEc0A3,1
0x6805e260dB96cB44AE9154A541E60525cddcBE98,1
0x680a6114DD343556DBd3Fa564F790E2d14B45D5f,1
0x681Cbae1C41e5eeC8411dD8e009fA71F81D03F7F,1
0x6827497B4336E5BD41ABD5572E47426d5BB392ad,1
0x6880B7B56bc72360A57385732C98Ee822e116be6,1
0x68BB5a6D14CACEaB866037b1502565f5BbA17506,1
0x68a296155D77cdC4B9b646f18bA5E9236284d4a3,1
0x692D690091bfa17d7c3D688413b8F34c474A757C,2
0x694bCcB90d8aF7528b7F4Be66695e920aF466a10,1
0x695589d2Bc5A63DB1e830B1DA7a07de73e58C6a8,1
0x6959754dDe646F5366A80cCE848daA606AEf7F16,1
0x6972D4DE1e02E844970F0a734A7f88B706fc8968,1
0x6977e753e022F65eBEb170d8267b2EA54a431523,5
0x69E6717964273A4b031242BfcC904469ED7171dd,2
0x69c509e9765c49CC6B9B4568b90Aa47B89F4992f,1
0x69d235d4bB1FC571Ea1b3985fa4e631b255252b9,1
0x6A121112d0adC380Be81b3F3aa4cDcd7CDAEffE4,1
0x6A41Ba4a699CD3b120d7Ba55be7f905469F00D22,1
0x6BcFB1F96A3d270F00dEAb39Fd50e78096576113,1
0x6Bf97f2534be2242dDb3A29bfb24d498212DcdED,2
0x6C320A427a22012486722CF8e8b504aC1C0f3B2a,1
0x6C53bdF34aA69380e92D3b316959EE336f88e1F8,1
0x6CEA24fC1E3785252e280Cd8245351fB2D86E308,1
0x6CF51FDeF74d02296017A1129086Ee9C3477DC01,1
0x6Cd68E8f04490Cd1A5A21cc97CC8BC15b47Dc9eb,3
0x6D1F9CF37Cfb93a2eC0125bA107a251F459cc575,1
0x6D526f6b4C86FBdc8e359e6bef4Cd6a42aceA2d7,2
0x6D5a9eC71FB1336f68AB720d1cd79B7b8C557299,1
0x6D6C2eFb35F7baeE1d159De78538bA296ea5E4B2,1
0x6D6Ef0caF7334a62AeA860D40B1FcaE131668774,1
0x6DCcEdAC5dA6c5fA8cbD7E05e1cF24D9D08C52aa,1
0x6Dc4cd14Ac30Eb653a751C9f8aD14575D36E27a3,1
0x6E20f1b46D4164d707E8342f941302b2197bBe47,1
0x6E5622807DbC21c1CCEF93d8A8d0Ad50Ea5050Db,1
0x6E6034545892b8d514b8e7859413333FaD43A0A8,3
0x6E7d0e10e66DF9e6A6D353f822a820b3F2A72C76,1
0x6F1821A5fa09C0D1c833BA714f4AdAE3c8A8eDD9,1
0x6F2c254674e6439fA8b85aBE29D8fD13BF5D6D7B,1
0x6F3aC41265916DD06165b750D88AB93baF1a11F8,1
0x6F91C3102B94c98882c2284Df6a7bAa709175ac8,1
0x6Ff60E1CF749aE639fBE124dDbC2178c4C988203,4
0x6a32C7e7391a3E839a6058bb24BB0c091FBb84ce,1
0x6a5dBF2Fb5206EC8192620810C3edB6d5e62B188,1
0x6a61857928149cb7cd2ad29251902787BCf9C3b0,1
0x6a6b0DE1D0cb60D179F521B09ffa6c290d6506F1,1
0x6a8b11e0c5B4B1f3dc559359CFC1fA0eF7ECB6EA,3
0x6a94F020EB2B7e73281a7f2d85f757e081f83D33,1
0x6ab615CF8deCFc488186E54066Fc10589C9293A3,2
0x6b4A4E3Ce8c95bF77FD31dcdE1e2e9c69aFdFCF0,2
0x6b582daB4CDce94CB70d832f50a912671D6b9a20,1
0x6b81870d33dd07509c698f5289A139e190bD8909,2
0x6c153FEAE296Dd6F0249323Cf597724a9EbFfF33,1
0x6c1D01b3ae9494ed72666B413409FC8D0D46ECe0,1
0x6c3C301bB3AF46c86205844c7Ad9eF8bD6593BaF,1
0x6c7496Cf61b2B7C7b364A4d2C39eA6Aa36DFCa4B,8
0x6cCdC6850517ec7dcFb08Ba78707d23066f463D3,1
0x6cF04a2f5505BC458c1b6846D24C6d1838aBdcE3,1
0x6d1E240f5ED2e1D567Ad0fC0B44A0DdD40B84809,1
0x6d4553323C45bCfdD087F79f97106B72318cB9b8,1
0x6dc88B231Cd04Dd1b1e525161162993F47140006,1
0x6df5a2dF1fc47b82EF8Ed0d7CF59a7287231C7cc,1
0x6e556979Eeeb38d95187AA6246a0b7f9DaF538e8,1
0x6e89216b6D5C8fBeD5CDb21B7838B801B9a9Ca52,1
0x6e8F26d35800EbB7678ac858866EC0e86Ba7D1FC,1
0x6f2814709367ee630240d9F63509A910D6Dd522D,1
0x6f6B7FA2349D40E3aEc7CF198A6ec1321aC6FB29,1
0x6f8527A795C19cD367a6cB8CDFc51C57a3FBC818,1
0x6f9BB7e454f5B3eb2310343f0E99269dC2BB8A1d,2
0x6fb47C08c716dcB8CdF964F0c95bFc2c82206FCb,1
0x700CE029b0f9d89491321199908E6a46C38e8e9A,2
0x7013674Db1086b85E31a847eCBeB3f06BaC373dF,1
0x70344D6FC00467C13a58742766431D7477BEa028,1
0x70484215203CcBeDB80ffB36016E4e77C78252E3,1
0x704a7e5BAfAAC4E6F8755db171872D9035CBF09d,1
0x7063b329F3Eea1412E76530CA2A54aA864f9Ae1b,1
0x706e714e63eabaA8602C209ecc92943655E0C7b8,3
0x70887998fB4f5fdedD269003289083fa1581932a,2
0x70b7Da07a9A3AD75A203a18De9DeF3c58c3702f2,1
0x70e7A6621F4cB3c3E073D0539899F49fC88424C0,1
0x70f53670045EC5B0C8E90EbB7006F8C4E578d8CC,1
0x71232EAd3BeC1AC03eCfE2556acd6c7D0bD349C7,1
0x71288E7870a258D41eefB9C6141E6685400BE0Fc,1
0x713282ECe7b1e34Bcb88c8f1922561A4EE369772,1
0x716759e8ab31CdB4bca2f693A979b23e6020d4Bb,1
0x718010432Cc5c2f7D7730B4922F4e73E95d1d694,1
0x71C7656EC7ab88b098defB751B7401B5f6d8976F,1
0x71D5daa6A7Dc1b94918c8768749b5F9982200660,1
0x71b3bE57E127360C92815772f0af2eB7B8c5C921,1
0x71b5845648810A261ce51f6E31067c02567C3a06,1
0x7204C8F420368FF9d414f93A95d644A857728488,2
0x7221dCAcdaB745ebC827578DeE7c46ebc41ae7Eb,1
0x722E895A12d2A11BE99ed69dBc1FEdbB9F3Cd8fe,1
0x725dEF5C58A7BE89A5c9673F992E23921708eE6d,1
0x726CDC837384a7Deb8bbea64beba2E7b4d7346c0,1
0x7277F7849966426d345D8F6B9AFD1d3d89183083,1
0x729FC2d1ed7B062A3F6723C2565932Fb4498a77D,11
0x72B35F891bBA1e76c93E8f265837F75A4599C11d,1
0x72D43efDcEaC4150620E849337cc2728aad3A3d5,1
0x72F091535C3A0f7d2cc3703DC7d6fF5C72E2eD45,1
0x73bBb01407f1E7a3A5037597F25F2291E229B141,1
0x741902764dc3af99F522a9f089b610bFf4267b00,1
0x7452e7D530078dbd6a2Ed65007BEA00A4D60F138,1
0x7463602B41a5e33c87875F7BEa24c7eA2FFa064A,3
0x7494Eb2916CAD8649F4f91eB1DB6E20bE605DAd6,1
0x7496fd894f546898D49e9A79462c9d803dF68394,1
0x74DC3d7e4a813e5D5F399De94C6772B849656F4C,8
0x74Ea811A58916e6dA0461612F5d74bDd48F60E2F,1
0x7500A4b73e84f6597474c262e328A45064257e4E,1
0x753aC33e53a1C56C68668487E45B09488fD0fb26,1
0x7545dBf11599BD7229114E34a32B1844Ed9fD1EE,1
0x75487C1db799A5dD6A1cD05193fa85156E0f6a55,1
0x75542D9d12FB792BbE9425F09641fA0e0a94D13D,2
0x75832887Ea97c03E4FA547bc825C278d7627A1c5,11
0x75B9B236801B273003beb57F823b434AE49f1be8,1
0x75F9804edac97EaD7F2E26977CED2D818eD7fBDb,1
0x75d4bdBf6593ed463e9625694272a0FF9a6D346F,5
0x75f7A78BF1e7b9fa7Afd9D8F197656a8E79598a1,1
0x7620bbBE94C1BEE5Ca11E074D1B3393Bad40e5Ba,1
0x7634C9784f1223A77bAE120E11B59abCD1643a0e,1
0x766337d18E12Df977b5F54516b2333e39E7dcB5a,2
0x766469D9469B2f0b2dfc7A930216b48e7C2daA61,1
0x76936C74b4E359bC43cA8c39e74A0A74dE5C9eB8,1
0x769b100C21cCC90Dc96ee15B1Ff888A446dbe4D9,1
0x769e5388beC13b0e338F6a81Ddb665f12BB00b3A,1
0x76F480563fA44A6070c65Ff5BB4a2365204315d4,1
0x76Fb1a0ebD7Da4e1Db53D147c7DFe8Eb0C9164F6,1
0x76bb86d1b4fba507943e4Ce39BCBe70579D7c328,1
0x76d3a0F4Cdc9E75E0A4F898A7bCB1Fb517c9da88,1
0x7705E47BD6Eb6Dc5a11aA1839639F3Dc6E1a6EaF,1
0x77158DAB6bAceE69a66218FDd295C8fD3D78d79F,1
0x776Bb13249F51D75251F37C88f150eDD296802c8,1
0x77777777789A8BBEE6C64381e5E89E501fb0e4c8,2
0x779e76758b5538084136132Bceb6a672caCDB726,2
0x77E3630DEC288c9a477bC430c44d8507068a63D1,1
0x77Fc54677F6Cd1C3A669b9c2Ff032836aF59c5b8,1
0x77fb4fa1ABA92576942aD34BC47834059b84e693,1
0x786A4Eb282a6332871e4BaD890cE5960f1d12813,20
0x786f7Da0E3B75Ca98709556A1eFe9820b4a301d2,1
0x789e3B871696E5E6f122C74da94A6397D27296e2,2
0x78A18DdEcDa44F7d298d9B37512ED8a7f6B226C7,1
0x78E6D24003C254887E34Da9652C07dAF25687775,10
0x78Ebe56BC138069557C89af35EB29023fF31Ae2c,1
0x78d115d4F26fEEc21420AA6d349c58892a52DDaD,1
0x78d72854C2B943415ba1557b7E9719Ea72032D0c,1
0x7904aDB48351aF7b835Cb061316795d5226b7f1a,2
0x794a15F93CEd01F1B0bE5b184344F0B811851BC0,1
0x795076b0F5ceA89E45a493acd2721F330FD79B73,1
0x795f7c269f67235aaF5a6F6d454d4fBd7c13a8B0,1
0x795fE6F884eB7599abfa814aea3Cb8d0B3CC47c2,1
0x79877981FaC40440745c0433EAA600b231Fe5306,1
0x799d4Cb5a154b141a5A5735fE652D49E133ca42A,2
0x79CE65B9fA71fc3b2521845eb7282dFdfc9fc7F8,1
0x79aCBF17da6520D923673a285955BBBC468dD609,1
0x7A092e4943FD3b045f8A05AEc3e56C82e05a173f,1
0x7A3f01Ad01979DaF089E5aeDD7d7E0825CDF2266,2
0x7A4c6e32C31a56bdd78DE86970180D8A0D613F57,1
0x7A62D6cF2517aF31032a947FFDD8A385B45C80Ce,1
0x7A7886566a74788a63Aec5F6FE0CC56570B5D4A1,1
0x7AD349837Cc647B344aab3CaEb298F7c3D68abAD,1
0x7AEb07f44E208290676EAE75EF94D8F69BA8Fb41,1
0x7AFe134BAd08E70f3143c5212955239Ade95364d,2
0x7Ab29b393aad63e7119C004BB45eeFEaa3E70Da5,1
0x7B3383Acf28dcF28d26c679e6e47468739a82A7c,1
0x7B640407513Bc16167ef3450FD6339803982e976,2
0x7B6441b66CEeE223ee1b52402199f0ECd6D500cd,1
0x7BAFC0D5c5892f2041FD9F2415A7611042218e22,1
0x7BfAf4C59aA4F011672b8e77789e1eb41abd654d,8
0x7C0B689A3003e0DBd2d37Ce15e8a2273d91bd7F6,1
0x7D3447F3D8c21B1adb7359B2e51bbFF42eC9a32d,1
0x7D8FE788eD6a843F7525b8f16D087be1edAb67dc,1
0x7E3b9e461D1Ccd4d0Ec4CF09Fc1De9D6D4e335Ac,1
0x7E80EF678a23a54b22A480BA872987aDba420E49,1
0x7Ebca2c180E74FC4731f7e4E4EB320bEfA76436C,1
0x7Ec97212811cF62152Ce59b5CE6CBf81EC437f25,1
0x7FbBAB92ae6721419F8C280ed763C71c58280EBB,3
0x7a0dff2a955B72159650300a9aCeF97146dd12e6,1
0x7a6CbD7A4562021FBdc0aC328c6C572Fd703087a,2
0x7a856CFc6AF18ec71A626aB9a087Bac1D7df1911,1
0x7aEF2D7671EFb00A7196eb4BBd8eE7a2ba0e5de2,1
0x7ac34681F6aAeb691E150c43ee494177C0e2c183,2
0x7b5e9298A9Fb94a8186159Be4B7673c340a30e89,1
0x7bfd522DeA355dDEE2be3C01DFA4419451759310,1
0x7c218fC943e54B82ED027cec922d364859bf1Ead,1
0x7c56cBC5BF3a448b2A03C39c53b4203b2Fc5A145,1
0x7c95A510961fC11b5C3C9d3bfA361d054905cC0B,1
0x7cF6Dc2dB031b5c0A869738a682B51890756b24D,1
0x7cFE81AE8f253EF9ef7341B1C79311a8756C7c5F,1
0x7d21D6f8e03746BeF7fB64710C1569505F76dC18,2
0x7e023390133398fEA29AB8Fa950C3D3e36939E08,1
0x7e4c3f2751A1dF8e2526cFf72133AbC0cf6A06e8,2
0x7e5e373d562d08509918182DeB62511D6226A816,1
0x7e6D8BCA8f505cd09822B0986290E895217C9D9D,1
0x7e72500397dc243673e709CD7130de1F1Efb456F,1
0x7e73cCc793e2448C4510249E71De9aEe4442D7dD,1
0x7e7F6B58Cc894C3A65b301944FfF1e2146c5C7Ae,1
0x7eE0b99831e07d67B1f4eE689B2feEFA530183d7,1
0x7f18EbeE1ca176606AD2758c2Fd43d4b5fD708bC,1
0x7f534820c3931B168b1A46e16f677ae9bc4914b6,2
0x7f54e1848dC935f3AB7D96EaC8D447d3b999413e,1
0x7fC65Ccc5c9C69080d682e0930849301C7aeb524,1
0x8017Ff21bc4972d84a4dfFf2141517dAeFD0c256,1
0x80454b01F3daC9827f1C9E842B1c7f685D7f4D92,1
0x805B350408f28966Cb4c9dD497F94B0f845B8a1E,1
0x8097A41aE28a1aE6e333A8dEfC9d59E35a5f8945,1
0x80Ad7547D879AB0481Eda439BF0514e02B0Cc2b9,1
0x80B553c141E7CB95fBEF6C44cda86F3C8d98656D,1
0x80F70B68e8742f4CaEFd541B086902EE8d556495,1
0x80a2527A444C4f2b57a247191cDF1308c9EB210D,1
0x813888135cFDc67bD68b79Aea1D27863dd2b990a,1
0x81714b9d10d642F70b9b199c06054488101416aD,22
0x8175732F812aF3aff7cF5f73dFcF947c9EeF279C,2
0x81B55FBe66C5FFbb8468328E924AF96a84438F14,1
0x81Dbb716aA13869323974A1766120D0854188e3e,1
0x81E076535885D2Bbb2A691E49fF654c430656051,3
0x81aA6141923Ea42fCAa763d9857418224d9b025a,3
0x81cc01fbdA24f6e99A7fa8812BcBBF2A454ba612,2
0x81f9B40Dee106a4C5822aED7641D5C1e2B40F922,6
0x82073f802547fEeEc0fd49719a3D7697fB66076a,1
0x82427A5027D9D54134c8e24847D7DeC9FD552e13,1
0x8262f26CAD7855061a9bE91f8A7e1896225FD066,1
0x828920Ee37fcF523a920290Fb9e23B3386382497,2
0x8292841A46390F3a01FA4BefEA4bDC88E85e42F8,1
0x82C224dB3038F146Ae1A6288f6278f58BE0d87f4,2
0x82e4D78C6c62D461251fA5A1D4Deb9F0fE378E30,2
0x82e8D509641fC143c628B5252c9F6f64243319Ad,1
0x831429a969928a2780b5c447118f5531C4dF06F6,1
0x83195709C4DDA9DaC7d343B378c9CC17Bb6344f9,1
0x8320A6fe737fd626CC99E91058a7A3d7fc19751A,1
0x835d18b633532a15F188f896dea31685761eB672,1
0x83B5654564cAEe5c8E86a314B4E62330Db99Ce16,1
0x83CAe5482197803d6Dc305d0CC00acA462e7b332,1
0x83D7699518CF8c97A3C17589DE145d819fA41a3D,6
0x83E81d747529F0Eb6145b149C438aB7f9BBD651C,3
0x83d3c996Bd78CE2bcb3e1eAde94a8B0f60ECb863,1
0x83e55e0567cfBE56cC9Bf5c4747Bf22283b12720,1
0x8400f6f843797361B3862D7881507bdA86b30084,2
0x841DD9A19e9894849C27580A68CDC8886B8D07A5,1
0x8448F455FD23A7D347ADc630Fd3902443c34117C,1
0x84641137BaC4Db68DE94Ec3D2ED89acE0AA88f20,12
0x8468c6Efa8ca7ffccB2C31D112e5e9331A469867,1
0x8491fF3cE336616Dab451C720de84AE386F3900c,1
0x84953a3d191E6D8809C3a40DDAbc93959eC8852E,1
0x84C9f83Db1409E8083061E9294C40697C7e83E6C,1
0x84aBD78727950Aa776f7939102f51Df6B166ab84,1
0x84ab28Ce27a387Ff7c356775b464102D9281dDEA,1
0x84bC1fC6204b959470BF8A00d871ff8988a3914A,2
0x84f764445555fBdE0209B00b32ed85B6cCC33263,2
0x851EeE2ADF3b40c15B100DEdBaDE93DBEbE84219,1
0x852120F39aa14fd3dcb575f17189C3Ae0e0E173b,1
0x852eE519D3cD3a55bf16b9B500F04DEA598a1772,1
0x854F1269b659A727a2268AB86FF77CFB30BfB358,1
0x8564DfE89F25F6609Af4FFbd1a57767c0f1471fD,1
0x85670c918fd6A80bdc92202C59D20b6E0c01C7E9,5
0x8574C1DC186cbe21cf4417C5f98A40ED459ac819,1
0x85dF0a08CfA80733b3fE0D929b8a763C9eaA9b92,1
0x860154a63F5064da3E4EbAd5BaA2F37b848e057e,1
0x860C9BEd4CCB3481F5642ac96668Ea65201F7F63,1
0x8612a3992e513C1D306999d6BAa7b36f747058DF,1
0x861964C8d472C515eD5e6df87fD6e99A5D30630a,1
0x86219121fe5c62b10F24ecB2D47BcE49099E6bb9,1
0x8696E7eE078CCBbA7838Ca43ba6B05465fbD15fd,1
0x86991eD295Fde505bC860c21Bb6EcfbFcD503a9b,1
0x86A41524CB61edd8B115A72Ad9735F8068996688,1
0x86D8DC427b4403fC533ec40ca507D5C14100AF24,1
0x86Da253817DC599059e3AD5A1F098F7b96aBf34c,2
0x86a1d85Aa48343527D659A5682102D585a4B6fef,1
0x86cc7Ad354441bAE1304F55C1F6df8ba98D44Af2,2
0x87003967CF7CD4f82e6ae19d189CF4C283259663,1
0x871e61bC2818E4410D22654738d2BD915B9b46C5,1
0x87616fA850c87a78f307878f32D808dad8f4d401,3
0x878689A1107f9064B2B7cfbc09BfB604D159309F,1
0x87898B0d8aB25F5034e045d056027647C5494584,1
0x878CcA1F123fD9702E8FDf78ED6EE35a44Fb6085,1
0x878bCe522c077C62CB1aD1E488c65C0A2e58FE9b,1
0x87C0A3634375342B5558d08f97A8e64193987B38,1
0x87Cb98d421af4cf893ec2dF8A13DF413611ffAd8,1
0x8802784d4eF3819D9dfbb195BC571D771b31B342,1
0x880c4F74C3d4C39D75F8e2aD958F40671416bf66,1
0x8847EBaaf29A18396e49191602f8d8D141b98aa7,1
0x8875a6B3E85fEbF1F4773CcA059A8c0C6DdA6485,20
0x88BB8b2b32201fa3Ba9fCFBb757Ac029F9989610,2
0x88CD459F0CCa96f4c1c6Cd26E1C77B76c23b77c1,3
0x88DB7628F124fb389d96421F48D351e06ea30716,1
0x88a769db5055B046c9A45Db621978bbEC65c8c5b,1
0x890115Efe35F5Ed36555e8a0B55167e107777472,1
0x89621B037cdAF3629aB9aA6079Fc0Bd77DAB46fE,1
0x89688542873276Cd7d9Cea936b25F37778a593fd,1
0x896b94f4f27f12369698C302e2049cAe86936BbB,3
0x89754e7Ff5CBa9CD94C21d3e36Ea598AFAb75431,1
0x897a7f6Af47881c62d7CA7e3Dc5BD8A1341Ad8ae,1
0x8989859156070A1Bc64f8833DbbC19dC1Bd1A2b8,12
0x89B537D4E0dE035303Dc1BDae18394f7A6C15c36,2
0x89D11c2cf067Ab7359C002e348397B25579F2c96,2
0x89a010EA2619BC94ccD14E14ADdd069cD80f6767,1
0x89d394418eE349D26AEf5D0a3B9e3378f0CCa16d,1
0x8A116d53D0Ec4bE2BF5fD8bC9BD606fA30be4224,1
0x8B291f8e02926fEB062c6Aa8822B1Fa4E64Eb3d5,1
0x8B3d2B7F0E3Cd658eDD468b13dB59090C66B421D,1
0x8B600c7Ef1D97225860a7996b63c5b8b116182d5,1
0x8B769ed05854Cf291b56932a2d33170B6C27af14,1
0x8BA505564E421A12E3c99B3F9baAFadbbaC6957c,1
0x8BeE0043B5F369367Eb694489305962e72B453b2,1
0x8C384dB3ce4b6016c7930b4eBdDE6DAe6Eb8aCcC,1
0x8CE17FF2c7376e9aDfe9C63C47a801097fA6C525,1
0x8Cd9F9C08C6a3f891Bc570f1D6a3dc91C1F62Bb0,1
0x8D4828f91E3981d1BF7c8042BeD867b7eAF3D541,3
0x8DD3a42CC35984D2254C6be1000e035C5ba7Ade3,2
0x8DEa9139b0E84d5CC2933072F5bA43c2b043F6DB,1
0x8E6c25F50D4be1e649e61B331A804d11B07a5C08,1
0x8F54Ea0807E9dABD056aF981718a95372399B455,1
0x8F61AE0f558aE15567EED4fC678270AF83f58e7A,4
0x8F6DA831710A8d30De1111AAF28C697AAF5056dD,1
0x8F70b3aC45A6896532FB90B992D5B7827bA88d3C,1
0x8FAaec0b32B6dD0DD608aC0a906eb11CA9f34d6f,1
0x8FaC31EE0133e0aE9100431aB523700a31082c91,1
0x8a50CA7777fdc9114722e14bF50A7e0a8cBd7b38,1
0x8a83716acd66D9e1fb18c9b79540B72E04f80aC0,1
0x8aBc16e919C61D5863b34F920dfb4Dc4a97bF036,1
0x8b187EA19C93091a4D6B426b71871648182b5Fac,1
0x8b66A8340A534870D234530b93e96C686e2E149D,1
0x8b975b1067f1E86a36252319e57279942286fbEd,1
0x8b9F8a8A7C383f2d861Cf05f35C28359cfBc97C3,1
0x8c2Fd016412d9449dA4b1f8a3b0FC03868F717e3,1
0x8c9EC6A671c6819e84Fb325604F73E321af0B5e3,1
0x8ca8D2CBc07eDF6512cadA0D2573C8F4802a1989,1
0x8d138c01765483cB79d787ce5933F609CbFDabcF,24
0x8d1963B3CC6e80aCc0648a63d0266dD079fFee3e,1
0x8d2E185E860e5e2aa61bFA25A59380d91f27d75e,1
0x8e2F7D5aAAE5ABbD5052aCb74019b9b11cb74349,1
0x8e31AC5303114f6d4f779a7e5eeA6EB7709308c2,1
0x8e3FAbF5A1E4B773C227d2646EB2470263D3a1bF,1
0x8e51014e26C5A09816115125E034690bCDcf2a7B,2
0x8e5F1a8959236545557D85ac3f68D0FDD8159552,1
0x8eb596f1DCA53B2B92a994F96ef067E0AF5e0756,2
0x8efF57C5dCe6FFDD18BDcc12163628510431811d,1
0x900d60684B0ba29D8c209CaFa4FB9A202De8e0ac,1
0x90286dA696aAb72BC1C83a30Ecda05B818f62f28,1
0x90386491af160c384e8297A5289190D3a8d22A6f,1
0x9052eD882a1FF46a88442E654Fc966C1A697348e,1
0x907df20aE58C72577dbCAdD3d57A780E99192294,1
0x912043c9DC6A2Bb5e3Fe477016901D8A4204925D,2
0x91212de083d29342F670FB69Ffa68176369e3B20,1
0x91408396Ca5DeF6F9812f769C975C93Bc8D762CF,1
0x91496d9d9E4a014981cCF9740908ef527DBE9BF2,1
0x915782DB070B286375C4B757f63fC9a81c3E93F7,1
0x91609451B6a5775608787f3Da9501104935D3b25,1
0x91646c2c2fF05C4e9822740b0aD9d8B3DA51382b,3
0x91959561E48B69f70334659aD2Aaf11f79c46619,1
0x91D5EE18c018F716f7155b77c3eF8026B52Be873,1
0x91a060419D4B193F5962510af902E89b713A2B49,1
0x91ed7A7fd3072885c1ec905C932717Df6A8aE2cA,1
0x91f377C38B1646C24eFe5fF078ab2055A8276340,1
0x921AC49968F27B7922B5aB1757ef30508e787580,1
0x921f80499A00aC6E95AAE0DAa411D338f41D5Da2,1
0x92228FFb485Fe39E5479837E0697829504527Fdf,1
0x927b28327fD41Bd93DF64Ab84A7D7CDC1d250293,2
0x928Fb06CfB8cB073E4339E842D6AEE37322240A0,1
0x929774478e0aB60e00a67Cce4910d49dD5B4600f,1
0x92Faa70Ff3D3D651BFE024c52d94079728F8f50B,4
0x934BC64D8681A4Fc385da636c8b2C6Ca7ECdF3d6,1
0x935D2fD458fdf41B6F7B62471f593797866a3Ce6,1
0x9371a03a0F8343C34218F4130640081Da75C4689,2
0x93D020b0C5158939274235EE9E670eDb9612726e,2
0x93b52eBcBa12cFE758f13285147dbc3b43a9896D,1
0x93d8E11F220Fc1768e0f67473fF232e6E88a0B1a,1
0x93f1D0F5d872274C43FD64119aF62dBF680f4b99,1
0x93f263bDa652E5061386284A7d3b6Ea0cDD27852,1
0x942fEC89e62C34Ecfb26694654bEC567FBDF68B5,1
0x9477861457123C55cD34C608068c58af2BFF5DC8,1
0x9490113B0ba1e014feFB68eF688359F58883d965,3
0x94929b218C5bcCD9c42CE0b2Ac7B1A244b50e786,1
0x94B1C5026638D9F2e5dBebC5619db81E5AC44Ee1,1
0x94C840ff0DB97bCbD4058AbeD14Ba3721831b622,3
0x94dF3873CdB0347028464204f7275049D0bBAC22,4
0x95948d03274d3B3C2c6aC1AcD9e631E5447a8391,2
0x95CBAC20C014Ac88f76ac8f4da943a53696ce40D,1
0x95CEBf9eb34c37334c3b882130d64d82F3428c99,1
0x95FF629309c55100CcEa8c6d625DC8D248ED231D,1
0x95aB6afD9068B8C34336A8b311F64a1ec21F9E0a,1
0x96112AD7F3F56d7628fFb381f28Cd84CdBA9E85d,1
0x9623A7dfb605f693C9725278cF78bd2F53F0D407,1
0x964b25d3FF75e9566063462262B2898D4d1B3Aa4,10
0x96AE65b7a604E1528c1076eDf31825bC30F621cd,1
0x96B0fB0aF5ED4489E2fe4720E4077c166b3a57CC,1
0x9704f6BFBe242345a499037A7FA288faFd22081D,1
0x9709bD2fE6432d5C5e512050e4A2090cdBF788b9,1
0x97372Df2013F6Dab65d4cE37574f8407e71ecD34,1
0x974Fe977848478F253Bd287e3F6398c865c9fE58,1
0x9766be27F6c266d283353e8F7453863fFCC1c39A,2
0x9790276125fceafD92EAdDa296934eE9B7B94D20,1
0x97b90FBc8904F861F76CB06BFa0A465b72C5E662,1
0x97d34c151214875fa2c42e6a7D54ff8E967FA208,1
0x980452Df1cfd8C19A4246483461FceE5d9111c59,1
0x984F94c6CB3f10b9F226cA6F472D13271332e7F9,2
0x9875094945893d40979E2858B6cAf788dcCE3368,1
0x98754a98fEe4172a3aa0588bAec0495aC16792e9,1
0x988a06D33Ce5e38A25c392c7323aA4778d8a8260,1
0x9895416fF4F860ccd206550DfD90D5757C706B5B,20
0x98CCf605c43A0bF9D6795C3cf3b5fEd836330511,1
0x98E9dB4FEafc72D177C77AED8ee97F4DF71EA681,1
0x98Ff843132691616dCE7e5611e85c30210563b22,1
0x99259430cE64F2718A5c5eA1ed5e2e5Cf673b100,1
0x995F75C5d0c4602159d568c2BCeCe72C575A0fFF,3
0x995a73Bd43268cf040F911C76d40B884c209BA0e,1
0x99721A9A4B42B8A6bee1d7f1f9E51D9AFa4C29Ac,1
0x9981BC6076392E59C9F02a4eF8a2cF69a43f2EC0,1
0x998484c1f928F60B6a88342AccfABC1f489f549C,1
0x99BC02c239025E431D5741cC1DbA8CE77fc51CE3,19
0x99eb33756a2eAa32f5964A747722c4b59e6aF351,1
0x9A2A3944A72d595AFB7C285A3777257eCfcD62B7,1
0x9A57bfa441d2d29dc19997B70C87c3398c2523ed,1
0x9A6f0De94cF51e9FfDe08977f5340764131E46C6,1
0x9Af991c12c185a688f05f62eD129134436610138,1
0x9B03fC27d61d22399A0CA5f011Be7e0CC869b630,1
0x9B269141E3B2924E4Fec66351607981638c0F30F,1
0x9B462ba0e375ba9b7980EF98a8F2021aa7A35eA2,3
0x9B590df06a4bE7aa7cD1A0CdE72FA6c49abD6720,1
0x9BF3EF3790EaA42bA4462a24a59983Fa46249523,1
0x9Bd2dd01cCa620B45b0682f437008aB6cE166772,1
0x9Bde0836d9F7386446a455684571e7694F9d909C,1
0x9C11ed9d7c56ae34E9633EC612c8aACf7Bce7B96,1
0x9D744ab141D8a166142332c06031C9349A5ad8d8,1
0x9D8dFe1D7CD6f1785AEC71e34BE7780DDCB4e0c6,1
0x9DA423a15a87E145d9dAEF73F30A710cB4106BD2,3
0x9E63B020ae098E73cF201EE1357EDc72DFEaA518,1
0x9EBB363DaC2b2b944ddaD5864B6DE9645Ebfa84E,1
0x9ECd3F09F4C6d9Cf04728fC9DE4feEd87DfA4683,1
0x9F615eB8a55d8C23b2b5d38B16bD1c1B0fBC331A,1
0x9FeCf056375A973308bB3D6fb6b1c230CfD21456,1
0x9a14e7045Bf7dCfe6B0002d72ec1674b5CCC50E6,1
0x9a8E8fE802802965b7B149502BCE085b46e75111,1
0x9aB8A288D7ACad2820f201B81cCd5398a3982C0F,1
0x9aED1833028F064faCc051Cea2F19cf74e3297fb,1
0x9aEc956F40BBA8c6467aFd3AEfccEaD44ACA513a,1
0x9aF4d9d1d47419BE75DE41b7fcd08Ec96F239E6b,1
0x9b2ca0B27415ab8ffA9d7FF2065C9bdE53462f46,1
0x9b3D56Aa1a52a0A39F2494573CCfE059Fbe97F2a,1
0x9b3f49A186670194f625199B822FCbDFD3Feacf7,1
0x9b4dA8243fCED2f6B0eA59c098Ccc6724f309EA0,3
0x9b616Ac1D31F17Be9B23560d93699cA7732e2808,1
0x9b64f526D9FEa6ff2Ee4bDc58cdE1c06fff5CD07,1
0x9b6B16f0de173E26f6FdF2904Ef2484961B3F7E4,1
0x9b7e395FA82A55ed5eE2F5168ae15AA80EF3B07C,1
0x9c49A9D90A9827C98e786fD2909aDb46A02fAA4C,1
0x9cd5F86e1690DaA9167Ce702F30E8e83d4D9352E,2
0x9d17Bb55b57b31329CF01aa7017948e398B277bc,1
0x9e28B5eF83c102d813ABeC06A8f2CBBE4F6B388D,2
0x9e562067824f9cF9ee64D7109e9f737C7f9937a9,1
0x9e5652761927b33f1E59A13275230BF10084C891,1
0x9eBd10B46B43351097caB2D3c03Ccf440957A2a9,1
0x9ea95bf92da8d7DB7613597F723F4BD6538ed2d5,1
0x9eacab1795b8e33Ff4cC741555EBeEF720e0248E,1
0xA03C655F85F3CB01Ba7124118bc57d60eaa4E2fD,1
0xA05A2E51beB7FDe2c8CDdd4750926fA6Ca02b769,2
0xA114B452fc65Cb0Ece11A251E974AC1a5d0baEdd,1
0xA1830E8d9F019FEB448478a171Bb37Cc6C4c0482,1
0xA186727FDAF90cD7d9972572E32C618Ce04206f8,1
0xA19789f57D0E0225a82EEFF0FeCb9f3776f276a3,1
0xA1eD93Bf44Ba35f1e8EBfB4d104A0e109337A5aa,1
0xA20b6a3B2428661e55De6a8E47cAB34dc079935A,1
0xA291df781bF0995B401432646Dc7B1ff4D2b1c15,6
0xA2C62eCcfDf4f93453464640Ac197947e5e33c25,2
0xA334D9Bb907240FE01fa4A1d8baEeC4cc0a75747,1
0xA335ADE338308B8e071Cf2c8F3cA5e50F6563C60,1
0xA3deB012Dca06b12a7e9AE06738fCCB4D39a6324,1
0xA482E8539858639Bb99FE962e343E33132378486,1
0xA55E8f346a2E48045F0418AAe297aae166F614ce,1
0xA5A9acdA1067fB0ECd015036EaE2DD2Ce69E591d,1
0xA5C515d8e2ff6b54de12c5Fa5f0bb64d341B7F56,1
0xA5aa7454aB373a8D1287a232f3ceE46149fbdE0e,6
0xA5f55fD5869e3a5EF0595F39bC13048b24e24FD3,1
0xA67816526A592E20Dacc5E2625B5366c108aCbA7,1
0xA6C9B30b3464d575e721f40e3bDeAf6568d82165,1
0xA770A33CBf2e97A0eAED41AfaBddB997661CC24a,2
0xA84944735B66e957Fe385567dcc85975022Fe68A,5
0xA8A9e2C366c56ce3968BbAc981D1a063e58dfA85,2
0xA8B2a69A331f1a3f03c8961c109610CdaFc7379f,1
0xA8B9D92b2D4980A86A2cd31B2E0D059A09A7BcFd,1
0xA8b015e7B12094Ef79bBF3BE75bD515Bd7C513CB,2
0xA8e54b46ae93E14eedaE486a9EFCD4c7B5a5be20,1
0xA91C2ceb9d2e343BFD5a12d5B3B3794346A8C473,1
0xA92BE7F728Ef585851212b1cEB318B8A2fBacc96,44
0xA94b40c53432f0576E64873CE1CEAd1aae62Fc90,1
0xA9BD4d1F04f8F3C10f6C8AcD75475c4c3e5DaD03,1
0xA9C09f45b2bd1bbB3D7AC14506B7C9c9476A7649,2
0xAAB8Cbb11b48E3d3F9412C850A5fD05348096c1E,1
0xAAb2670EC34A393F4F13C63469068a82A1210d64,1
0xAB0bc8E749F91b032aA0b909EdE779f27f6a2CaE,2
0xAB6146be577A5b63f4Ec5b75506E974417cBCA22,1
0xAB961d7C42BBcd454A54b342Bd191a8f090219E6,1
0xAC46dAc5c58bf33a216A0b756bfb9b3d86407f97,1
0xAE4a1F18F2461BA512231D0a4198DA419b23EDB3,1
0xAE9E2D7EA31f99ACE589dABc384FA7FC72A04853,1
0xAECce32486Bf8f657dD9AE4627048De1a72C41A5,1
0xAF1bff74708098dB603e48aaEbEC1BBAe03Dcf11,1
0xAa163c47065c22D17Ed1c47E3E244337D2056c17,1
0xAa1A8f3426196E6eCEec6C8B90C013745BB3F320,1
0xAb73D686716339ed1F96829e59A5960fA34ECd7a,1
0xAc1b80e06f970879BfB8f2b92B59442593f332b6,2
0xAc9adCA0C571433cD534Ccfb0FcB6146cfEDf6eb,1
0xAd640188745Ff9a9FBbFd13a30E1Fc48c0B93761,1
0xAd7309C8aa755008164BDf5199973fDba2aFD98c,1
0xAdE27dE7Fc771dB43e8761266c48018024b5E2d4,16
0xAdEbC3FfeFC219404B290CDc69246cE8cCE55FB2,2
0xAee33D473C68f9B4946020d79021416ff0587005,1
0xAf0f557a9a7E84Bdd02aDBc14962df2789d95D4e,2
0xAf8A08DdAedd2378b8075f8B90CeE4b066Ae0DF7,1
0xAfD5f60aA8eb4F488eAA0eF98c1C5B0645D9A0A0,1
0xB0B0F09A99d8AD135a54487Aa327Ec899CD744F1,2
0xB0B2b405c9D09d129E9F9b18c9DD218c532f2b2A,3
0xB0eB8B4003fDD74f3c7994fBE5fCE95aD10e3BCC,2
0xB10a17fa1bD936F1058d9eAb01a742A7b60272D0,1
0xB12d314ef27F7e7B928C9d6c715aCfe7613D18ac,1
0xB1603775aF92cfDE3af9cFfd59B3c58CBC4eb783,1
0xB16655F2262b3217D4B0A9cfc92989006D16941b,1
0xB199eA67d5352674BB3A432b5E669B8CAE21ffc8,1
0xB2797AeE79968e6D26DF153Ef815Edd7dDbD6190,7
0xB28e2d5602280C42641471FAE46E8deF9458Ae60,1
0xB32FC7B40a89e0547bD16664a57fcFCeECbeEeEC,1
0xB35392Abb2799A7a35Cd97FdFB8ae0151B4D8207,2
0xB3623D62FF30fadB5B2e127C07cab0D1b0808276,1
0xB381D0EDE4A4A355D3090B314615147A581e7CB9,1
0xB3b33aB13b1437c209634535b304b5659be16785,2
0xB3fe0e7Be7Aa7e793c0D67Af4A720F00983eAfE5,1
0xB4263EffD8b2B2457028AD4743eb01bBa856bF01,1
0xB44edCCdCDA9a9d8f16B21c8EDdaC6FA0309565E,3
0xB4B04564f56f4795EA4e14d566aF78dA54a99980,1
0xB4b6a076241C45E579246bBAC2baD516Ca3bf17F,1
0xB5532cEB62AB83E4A0F1281f5cB9a019b16e1c12,2
0xB57aaE22f8Ce7524cae1704Dcc68EFDeDf1A4b8d,1
0xB5BAfFb036576B46F45544174208FAa5b7dc1cfB,1
0xB5fC9EEf8f391051ECfC1c7d71D617181A56539B,1
0xB674F3fd5F43464dB0448a57529eAF37F04cceA5,1
0xB6BB67D341E5D56063EE0D7d526A83f18B912F5B,1
0xB6C8CAbc2150083261d541a3011a658a36Ca55b9,1
0xB6c1bdD840fa0AbA1d17b867B0b895B447C592a8,1
0xB73aF3AA784A3667f5edB7061ea0dc0A466bF201,1
0xB78B12de170F6d873ede492308308b86BCF692bc,1
0xB7d35E6e953BC4A27563E231823800326F7CB284,1
0xB836ac212256b0e029D80f3DBD9aEE7DCc74B19d,1
0xB8421159252Ecf26b066127B4f86896aE8dE78ea,1
0xB972588020a28a9DF58e4b3025c436c5264BdFA6,1
0xB978De6072C49a76F11e0E133930e9c75Ec1940d,1
0xB9b8EF61b7851276B0239757A039d54a23804CBb,11
0xBA547645BE1908476E6c3DfE52B5f2C119AD72e0,1
0xBA8e939C3E701d2CA8358a15677DbC6D15520703,4
0xBB70ED5b739b980891e84Ca67d135eef612a0EdB,1
0xBBD5bEBAC63a25e11A959730F472eb9572813a5D,1
0xBBaCD7487b871CD34398197a544Eafa16E2493cd,1
0xBBe846566F2172AdC9c0bCdCCf8D280Ad60dfa67,1
0xBC811F603b851bF9b6943E3326Bb19C9a7dDa90A,1
0xBD1319be8B267D868282AA221a7a68f9Afa65DA6,1
0xBD1f7d88C76A86C60d41bDDD4819fAe404e7151E,1
0xBE3C90D34b757587C62852DCd57f7c8E1bc5547C,1
0xBE803E4501eE87c0CB47f3687794515A3b7AbE9F,1
0xBEDD2bBF80b2E7d243B9bbb8A6F28B65E3B48322,1
0xBEa645Da9c7f6De1f7E287759CcBFd5ab9f57C08,1
0xBFD06C3482785230387481B0c7d53B7dd216a651,1
0xBa28FA757146D2087d835E3450A29732Ba471d05,1
0xBa48024b55F446a7E4acFF0F55eB10Cda464c2Fa,1
0xBac547D9E0e09397985AD1cdE51801dC50dc4600,1
0xBb14766b9455C10B2D583427D586954Bce20E703,1
0xBb692870Ee921D168B51Df3f8fF01a4366b371e7,1
0xBcA4D68BE543dCEFb1a8bcCb519503f9ba3f2026,1
0xBd2c1b24FB52d272c339E2a01496cc79EEB46726,3
0xBd4Eb0295468c80725017f74113F5AebBD6e8D12,3
0xBd4d581a3912Ca3AFdde3aA515F22C1ab965dF99,3
0xBdf3745a384F55233618Da5856615089dbA50fC3,1
0xBeAbbA5D6fD4bfe3767fd12803C7818250ac7bB7,12
0xBeF716e7fBC844020925dc372879becd2f932bF9,2
0xBf2d5699dE5e15186C26d2A4e2239a5102099b90,1
0xBf5453aD9457Dd0941bE5f7cb083Cf37d1d7775B,1
0xBf572DBcA3bF9fE904c6f34e8e4584e1A831FDDE,1
0xBf8AD9dCAbA2936BE3FeC65d423e2029Ba07f35f,1
0xC0B374f27abcCD5f34e30bA437AdF10f084a66c4,1
0xC0D35857e87F5ADe6055714706fb4dFD96DE087E,1
0xC10B17d37D8Eb29E8b8b9F8e912bf88Ea10e78e9,1
0xC17EC9D8e72aB957Ac73596846Ac87b8C7f80Be2,1
0xC1B422E18Fb485B5040114Fe2d91F6131737f7e5,1
0xC22D10c8B659e32D86627711FAf7D83bab95B01d,1
0xC23DFA3ff637D157F41560a70E14392f475c71c5,1
0xC24851C296829C2Db3d2a491413902a0270a1De9,1
0xC294edD2a5A901e3fCf1A6E6EADE8Bf1f9c81Ccc,2
0xC2F607b2f12B0E67ea00A787ab6EcEa7D5Cce62b,1
0xC31dB2E710192791b65dE43D4B84886A6d770322,3
0xC33e3272D29d0cD5A7371a3114080FFdC333E892,1
0xC34aE1A39662415a4720d4A3e7C2Be0E202568C2,1
0xC3fCc7B66636f7E3CF36946bac4Feb2ee3492846,3
0xC42705A210f082ff29E6bEAc80F56C41F0A54091,1
0xC4547121350B22C51c59De12cad75e9f362d06EB,1
0xC47a1978fBDE5F1A453196DA88E471d0CAD3d6C4,1
0xC49c23d3ea33b18A4c513c69e8Dc5ec0e8ECB62D,1
0xC4EA745A21C7Cc9e6E7B2384996b6B312Db8c7c1,1
0xC527cD7b021D85b13dD11389A02166489A23D0e6,1
0xC53f81dBA741cBBCA83Fe983316F637F86b54285,1
0xC65C48fB1F2Ac66B106e7BfBf703E57536808C63,1
0xC6749C94694D3401Ec716A287D10Ba13f87A57d0,6
0xC69aE428f6049e78D445F053D2c1df879C59b34C,1
0xC72B9Eb5e5356A634529e8aA9FFa90FA4331CBDb,2
0xC753d2B398281D303559B6Abbd7742102468BB70,1
0xC77c6eAB64FB3986CEEae9a76081Dd2097EDcd0c,1
0xC7c022BD85529bEd1b92DE4Ba847F3f4e8fd5CbF,17
0xC80f256367bBE0DeA36840819c586B41f911d968,2
0xC81082690EDC8CDE6D83a7549aa6a74534305372,1
0xC84350BcE9259D11f7518564520c9D3d6DDe3871,1
0xC88FC1f1136c3aC5FAC38b90f64c11Fe8E704962,1
0xC8D46eb7881975F9aE15216FeEBa2ff58E55803c,1
0xC8ED4aaFBE31495BB24173f10Bf48a6B1c682cdF,1
0xC92E7fb11C535579Cc0807d655464e2999583d20,1
0xCA34374e872c677939efE7C0Ce44a82a26022DEc,5
0xCA949bc917Ff93BeA259D1751a1af1908c69D969,1
0xCA9aD37331B2Ff54AE3b2fE7792D6DE33fbB79E4,1
0xCAA089A2A37F950a91e2072e5692f56D28657fCD,1
0xCAbA2231Bc28f0fCE76FEa1f97e4c9225899B4eE,2
0xCB27d99901776E111f22cB35589BED922a2a060f,1
0xCB9613AE6C334944Ae7D99D0BD0FF6B4fe841D32,1
0xCBBe34A3e25341A568985eA1D43F5F3847f3F047,1
0xCBa52eAf8dBa925885Dfb5b13c5c2B0f05e93E3C,1
0xCC3E0238aB75cE515e7Be86112C0F2386A672796,1
0xCE76da4871063E42D8B7320b9A65dd1181C14b12,1
0xCF75eCD3AFA095b0a4a8aB48cC2D2d427D317Cc9,1
0xCFE76a690279BA023039bF5Ab4917AfB6aade49B,1
0xCFFE08BDf20918007f8Ab268C32f8756494fC8D8,7
0xCa695144Ed80D2E5F10C8938c08dfFbf2516a170,1
0xCa75956f0191dD721A7d4090f63E895b0B550CcE,1
0xCa9ba74eE20917211ef646AC51ACcc287F27538b,1
0xCaF1A0E288965a7A64303A49d2A10E22414fA264,1
0xCb30bCE09A08F3d8Eba2F56E0eaee8c6B1143551,1
0xCb45B819E881fA7a5946B6b8f92A5576faa5a3Bb,1
0xCb945057901Fc1C17eCCE4a4EEC760057C6a28a2,1
0xCc031C2e41B59E41062592121F2b44c0Ee91886F,1
0xCcAC7Ca73Ac0b892bd99B144f8A2bf36fa9fB58d,1
0xCcB4FaDB548abbc191a699C707f022F565801AD6,1
0xCd570a87879A7ED93c791FeAA0FE39F022ac899C,1
0xCd8bca20699F891713A99592BC0CCdb957d60957,1
0xCe1A7Bc82a15E8Ed38BE06B8C8df8bbDf3e2B7a9,1
0xCe3f659Dd12b85CadD256BA9A3C5E42DCAe46404,1
0xCe71eC2Db82d10FE60F053CBb5009aCb171f3190,2
0xCeE9De97d5b938dDa98A0d0222000807045f97D9,1
0xD00eA6dD0a76Acfc989bAC535579ED98435eE29c,1
0xD036d0c465d8361f7f778Cc9A958c1f4ad741615,1
0xD0B74BAE747a7756644B1f453577449055693A6c,1
0xD0b28a4aa62eDE2ad2a58289e71c82E9c78A2663,3
0xD0d56D9B522677605Af6AE771203d3216916304D,7
0xD16F427B9cEb5969b8E0A9a32A2e2b9d3848c7B7,1
0xD1DF1C40832ef19e8E1a015256bB0AE70dBac58f,1
0xD1f9bE99d2312895913Da55d5Ff0347A55fd37d0,1
0xD273485Bdedeb856083DDe9A8b293aa556cf8178,1
0xD2B87d942eDdb87F212E67edb424461F6a014f1D,1
0xD2EC4724BAf1952de4718FbFD3EcBE95dC98fDBE,1
0xD2d70BdA86D2c2a74a63a5229f01B70669F34988,2
0xD2d8E34Fa5BafA8E7903baBEf5fD9101Df45CE04,2
0xD30F2888E7928b52EA5bF4cb1D323e0531aFe272,1
0xD35f61B6aAE06746b1D521911eD30bBc328D82d4,1
0xD4668D6D6cb365B58D6AB4931e6B8BBeB3411bE0,2
0xD4717059eCd0EB605a1605cfdA8d842e14F4BB3d,1
0xD4764a7903E22136DBFa6a3304832eEa3fc02AdF,2
0xD4867061A4FeFb0B7cc82aeB5D78E931E69515bC,1
0xD48ce884D1F01647eA7D1b1ED50CAD474b39638c,6
0xD4B4c17815328eCC633261E11C7441E85555F6aC,1
0xD4a6347790d17eD4a950c0B01369AF02C79f227c,1
0xD4cDd0131ebCd38d56Ba0050608Cc75B49e2bcf8,2
0xD515E119A9026320514B23a11f21537573f446FB,1
0xD560A1Af32e96cAca8CBccEf2B64eFAA13fBFcb0,1
0xD5dd2D695e921Bf0a8Da750199397c3C33b129e6,1
0xD72708E95577F80056Fd6A44EC30d644B5A86486,1
0xD727774FFf706dA2C95a102E58677F1722Ad2AD8,1
0xD7740d4220f685711C8Ce733748bede811b06704,1
0xD799F16d365bD525e0Cb0ed625c499b220b70cA8,1
0xD7b6F553d155A68213A376eEB82CDf7D8a14bb85,1
0xD82829B0019e885667867D6b7902279d2d604df8,1
0xD847Ef886821B4698BdE1f8826753202340d967A,1
0xD93E1404D732CfEA9F7d863C92Efe4e408857b7A,1
0xD941aE5e27D43f9AD465f3075449478682D67e0A,1
0xD9b49a81ee72aF3C026a2C144C9Ffd678A78C8b1,1
0xD9cfab54f1234AeEA22B2818AB919866A2809c1C,1
0xDA86180127B3C8c0fa76D56348922bFD9CCBE48a,1
0xDB92389B6085C479e09f200F5dFED9939A629257,1
0xDBf29832145a9e270F2d50484fe0763E0f3d4B3d,1
0xDC788B5Bb16e4A9834D4c0AD939479c2cf0F766c,1
0xDC913455Ffa5C095DBD58957829d34E41eCCFE7F,1
0xDCF2d4F1169aF23EB370A37320eb21E66cAd2dB6,1
0xDD7B952A2841bFC804A13110a787905DAD9535dD,1
0xDE055950CCAaf115C8D76b33e6503ee403875CCB,1
0xDE75F09a694e4573F2FB222579Cc0a23d912CBE4,2
0xDEFF1E0d40655a47CC87cf3fa9BbEd06FC121E40,1
0xDFb61d3D107B9E0c7204FF2CEEfB7E1942eE074A,1
0xDFc14C23038d406A043d95636b2f4FcB3Db7bFdf,1
0xDa13576fb27301ae4B701866c3A83cC9Daff5Ddb,1
0xDa28ddF14Ec309F3f506315Da623618F8D829F10,2
0xDa7FC7825Eba671c937D4Ec6517f66248caa8Ef2,2
0xDacAA8EAb8Cfc102D2d8fb6420E205A8C85Cb3aa,1
0xDb704Df06A7fA515fe77B30595451346198bC44C,1
0xDbEB35889fa2677564ED765dF2f7920d30078972,1
0xDc18e1f94EB8CA06455216BdBB1F6b64C1081881,1
0xDce4A7509752F11ba67483b7E45dF2D868b71F2b,1
0xDfC0f2333eaB608432960E07F4df79DF694EA778,1
0xE01008e3337cee08D3f6AA8AD25A36012fAF2f32,1
0xE04903eA0dA52680520903DAdC84f5adbef35E9f,1
0xE0c15e9Fe90d56472D8a43da5D3eF34ae955583C,1
0xE112d465bAb72a75C0FbDcC866110ea494a0DD55,1
0xE15aa7f7de1f1bB51aED5d7C28BDcb59987f020A,1
0xE1EEd6403808B058D00a040046B7B188DF8FAC6D,1
0xE23CD65ac0253f67Aa75666765E3350D14117866,1
0xE28aD49154D0DE74133a6a0FF4031e01bABaC0ce,1
0xE2b424053b9ebFCEdF89ECB8Bf2972974E98700C,1
0xE2c2E919A35e1c012f5FfCC77574C9037dD9521b,1
0xE2cBA18876AB53899258a4696A73DED50577B5C0,2
0xE2dD4d4599349Cd55E7fCc16c904Ddd9A70e5D9d,1
0xE345C5dAD42d1ffeda91c01aaC2C03af49597541,1
0xE37B110fc5f8D53d77cC8d6e054Be57062324407,2
0xE37fcAA787701C471c7841b0651060a7441a5d04,1
0xE3e202b2CAC2B3eC41219C69fE0D2352b19cef69,1
0xE44562485a1261540dD8165d4f89d89688BeBe54,1
0xE457134dB87f4246865882a7E3835AA84C4b8D6e,1
0xE4AadB228E74FC64C061b8A6DBEF930e9bB4fc1D,1
0xE5442041Fd024bCc4bdFAa0a28AB941150Ef8637,1
0xE5F09b2fb16414519D90a650F87d0B3813996698,1
0xE60f54049759A11D764756ece4D27815e990d92f,2
0xE6a45798D46ee574eC32f3192A4c866D87513935,1
0xE6dD04DAFabc8502195dD14Cbb7FC61599E8A823,1
0xE6e7A811aC96c93cd6b555C2aD4430121321f41B,1
0xE74Ed6B9B268ECD478c01F76dc7DaFCA428dd359,1
0xE7c3E039cDf305dDa458f10c2A20cD625b686068,1
0xE7c8A1aD9CAf5708556eA779D27252828bfAC5fB,1
0xE831C8903de820137c13681E78A5780afDdf7697,1
0xE83Fd845b33c2DC7b63b7D4d3624f96424aF6a04,1
0xE83ef0518C0838C30Ef663089A9Efb627Ab451Ff,5
0xE882317349CBBFB3D2734935c0Eb10A25517ab1F,15
0xE920Ba2D30e812fCb02004B0253ebe168c623C66,1
0xE943398DA56744435f094bc1478C203fB0045e20,1
0xE99cCF02E3A3671cE4E3c176ca10A17C7C0Dd2CE,1
0xEA17DEcd530792e2E667b000903F96C52803855b,1
0xEAaA71c210B404a73bF38BA2f4a168A7F8ebf2dc,1
0xEB7AE8BaB37041c958BCA6B13a3A499d1859f8B4,1
0xEC6De3CaDDd950a0947fd4896aBE0B7F4058e88A,1
0xEC734bb679B136d38c4348CB7aCafEa5EA749718,1
0xED5847639328EDd38E7CE934442FF4eE8e714f7C,4
0xEDF7b675a2fE3c27efb263fb4c204A3f0fb17D46,1
0xEDa38655a88bcD58b2Da7a4fFA702Fb3c725C4CE,1
0xEE65f08510224065581f2985E490887CeAe50077,2
0xEEd7e1c7c9c68611584e8f6230178Ce0A48Eef7F,1
0xEFBBfB08115B0F6a2825A9a186baA5777F5d2494,1
0xEFaE15AFe1D7d54E61D30CE5adD8Adf1C73C7eCF,1
0xEFc2b0a568af4D9934B7BE3eD198A10E6C608De2,1
0xEFd9ba2E337c7046297284f4a9358a2AEE5990bd,1
0xEa8CDB581e5F46491F03e25fe36b095df5Bc1117,2
0xEa8aE5797E0E054a06bD2FbE45dE1e5e0e9Adb81,1
0xEbDb626C95a25f4e304336b1adcAd0521a1Bdca1,1
0xEc4f93a158f27C3b3481f5754B0D9B1f3Cf366d2,1
0xEd61FA464ae764c2d924f6DA099c7042814B9845,3
0xEd860e2a761D8B0c83b1c0A1C4b7D5fc1af97d5c,3
0xEdc63f732D61Df2556fD3aE84F911a84Ac64B4BA,1
0xEe32d08E674dBC7ED9547f02E39DA62a4689e7B5,1
0xEeF9530b42DD9dF11cA01dbD4d5D44264DFf9934,1
0xEf4222bCf87E21dBc9f2E3DB83bD6189eb3Ab0Fd,1
0xEf4d9e1F4E9e2dd9e747b53f4be3D04bfa935f2d,1
0xF01B0ddebd3C22125ac691489A856d7e562bA534,1
0xF032eF6D2Bc2dBAF66371cFEC4B1B49F4786A250,1
0xF054632b59FEFcD68f949C1445CA5362B13511bE,1
0xF092d90f3880527699134f82Ba467c66136208BD,1
0xF0AE4f60a4dc379Ae25371a34b4B699dEE8D530f,1
0xF0c7ef0861D4F55368cBb7724EF61aEc198A8eFc,1
0xF100e29527C0ac02165206487d7bcc8982312d08,1
0xF10D8DA9697B89347C4585B008525F4d49567D22,8
0xF145F89042a4F1C2A0f5a2988451CE9Bfa0C310f,2
0xF14a04d18cB5Ba0FE293f6157CD4593404C12ECe,1
0xF1984DD40cde6227Df2F0A503C8Bc9aa8380d87F,1
0xF1e7E56aED7E7CFD746cfdB2d91f2C1EC671F4Cc,1
0xF283ede9Aee038F226A620cA04b43131C60cace2,1
0xF2c06f90FB58844C09220e01E3116A2293Df6960,1
0xF33a737049feA7fd4F5aCfB5Ea3C23a5F29A6566,1
0xF396923a852Cb675AA52604ECD6489385dA4b9Cf,1
0xF44217A8b6b3f258BFFEaD635c226528aa516aea,1
0xF4d3E81a37d7C5C8D102eCd1D5e12827803A4963,1
0xF542cc19DB89BBc0Ab8F856492C69b38575a2807,1
0xF5535D4B271edC5E35dADC460385FE44F286Ab8e,1
0xF5d90Ac6747CB3352F05BF61f48b991ACeaE28eB,1
0xF6200d691F33e5FDc3d23559e3E05c76C7A8fc63,1
0xF69E0D08322d6AA73EfC6c6d6DB4088596698875,1
0xF6A77d630cDaf39304025763176894497f3B274f,1
0xF6Ee009FaF9303DfF817D13472299Bfe7c864eEe,1
0xF753b115835aa6bc3CAb8a0E07A06441Dcd5c137,1
0xF77f62c7f08C213EAB81F32894FA328e05ccd26F,1
0xF78a149be085ff02bC5De35578D52055a47A619E,1
0xF7D449280542666e941CF45C6eB9eCD4FA784221,1
0xF7a8331336D43Ead6fD72faA942C2A1C644BAaD3,1
0xF7f502609de883a240536832E7917db9eE802990,2
0xF85BA7411FAce5c1bC44C484cF80172cFEdbdf32,1
0xF8Ad2c3f153c1f9587643Ba3698A284D32F9CF6E,1
0xF8eC566Ff6a8dc90cD0cB45dBeff2665FD8F3029,2
0xF92D1489e4ca27D7a9B69549BE698616DFA7aC3C,1
0xF9605D8c4c987d7Cb32D0d11FbCb8EeeB1B22D5d,1
0xF968A5de2019dE1F0A8f53758dD137aE5C9EFbC9,1
0xF9Ae06309Ca551cdb2fB72831Efa2D4fE67Cec87,1
0xFA04F1AfBC146bd6E5EE29dEc9cAc8a669eA4d80,1
0xFCB816643eD55E0258F6FB9Ac9C3525e03623ebB,1
0xFCd45B1fdFC7DA94F87Ea14681dE2E26C2ce5840,1
0xFDBBA0448Ade7521D755fcC21e5E46A3F98deB2E,1
0xFE4B04ADe5478F3B649614221CDCc43EE31fA27e,1
0xFEaf6d29CE483e90320d06E2FFa9c9390E526d2D,1
0xFF157c9a4CD63C8C0c4d40D068A8091Bf55c687B,1
0xFF301F3b4a51a1948aE021C77379D5dd56f1377D,3
0xFF79B76AdcAf2D31Bc58152d7e4De5509dC43A39,1
0xFFC02940b6F297bB3aaca6D790f65C1d28E891F7,5
0xFa4B3317810CA213CE47d2C882E3c0F89eA3b409,1
0xFaD95DfB66E72a467D62dD75A56082F9021F3801,1
0xFaee372B8993E8E464DB888Dc3AEB0435e2ba0D0,1
0xFcFA6885830f508f6eFb78bDfAd1e299CB56D022,5
0xFd660518dC1b52d9F67FAcd42bbBA962B06b8E54,2
0xFda39FB940401D6732543b2DbFDC5ec50F4D9866,1
0xFe5E2E83e966865d61bAcd8dFc10aC73Db222640,1
0xFe767cc71B60BA0165D948B0fce096ae050B9224,1
0xFeB620b14A9C3683CEcB9097802AF9c32e51C701,1
0xFf2d091C4B6501761093C296c1Fc43a12160129d,1
0xFf6C41B361A253c6A40fB14a244DEE450928e137,1
0xa014d8765456df70c82DC55C9a45e351ebCD2829,1
0xa044EC5C5189d7B2eCc176753Bf9A9e1dDBC9D5F,1
0xa0576B6092D5840B4D4Fa7a015Ce7942E727a84D,1
0xa05d2Cc50A1519E3E121a2EdB04A323057d66c66,1
0xa0768b454fC4aE5FA7885CFCb379706Be6b1633B,1
0xa07D75aacEFd11b425AF7181958F0F85c312f143,1
0xa0BB4Ffe1Eb36C14A7C90a9558Cf381755e8dc1e,1
0xa11F83cbb07FD0327415BD424b986132E009F643,1
0xa12c8eaced4109A836011d7E88a4D658e03a20b9,1
0xa1909f656e11086902c23Ce4BC2EE1B4950aDAeE,1
0xa1A18c3558365C098ad1306075d8AC9b9aB78219,1
0xa1b1A631c0c1dD4899deC7C343Ee59aD21867803,1
0xa20aC0958bB2258AB60750baa007EfC1805A1d4a,2
0xa224F729093979086a5A14ed25B5de3a1831e855,2
0xa2D638ADa840080dE73971e49A52EaF00ce18474,1
0xa2E0e046Bc732613464ecff416F8EcAf2Cc7F140,2
0xa3129D0E49A8942b61edd72624FF621D90902a55,2
0xa3AE5F9b45d6b177A716ff6c27043029B7345C86,1
0xa451648507b65a0d2990A1C6436f7E442a1CDc58,1
0xa48E7B26036360695be458D6904DE0892a5dB116,1
0xa4a29034e5f190ea8e4250e563b77A07dA4bFF90,1
0xa59e113fbef3B4129bAef6b5355dFf683851aFA7,2
0xa5D95aD29692ce66728f9a1F1454D0bDB84Ec73a,1
0xa66C49FC508306dE126229174F8fc624C3313d68,1
0xa6b86e67862D4Aea6D8bbA809109be2c7B244906,1
0xa6dd7Bc6f59E8Eac2514815bE2A84b5902Ce5569,1
0xa75b7833c78EBA62F1C5389f811ef3A7364D44DE,1
0xa7888F85BD76deeF3Bd03d4DbCF57765a49883b3,1
0xa79da05566eA8ffd181C45EFd6f484616f6EaDef,1
0xa7e2C8F5fA1eEC3bAc117BAdEace9DB3C8c7cD9d,1
0xa7e6fDDe9c9703740b2B25824a6F562f5fB45777,1
0xa7eAc39d1C9E05752E17C915302A65985FA2e061,1
0xa8294268c0CEfd597f3D4Ca9eC96bc58e947336F,1
0xa82AE2645bA9B1c3f88FbCdbf9164300f001b74A,1
0xa8f61BEE24227210E8E2009025A46d41353435b7,1
0xa906ecC07C5619B582654510DDfdCF45CE468100,1
0xa9462C5d8f8Cc6633776FF18cBb80b94A63E7093,1
0xa9eE9a1A42539DE87438F9D14cDAbcf32a46700B,4
0xa9f078B3b6DD6C04308f19DEF394b6D5a1B8b732,1
0xaC6dcb5e686F7E3f1F9006B896fF9E4b37436530,14
0xaD4489f64a8be791294116D3E99D2721C7f0a72A,2
0xaD9F9194C68BD83250A534a7DA574687e1F102Ff,1
0xaFD0B1131F1a12C7ba707E391fdd1Ee67C34552b,1
0xaFd680FB78648298d13422dA8EB29199e72368EC,1
0xaa1F4D20D2A26d3464E39eE22870C407cE9E969e,1
0xaadb7CC8587cA5aE3e5c98B9e78F6024953C0Bd0,6
0xabCa2289F0d03773e8b102248997e854aa36CD21,1
0xac270Db5F0C00505c7972034110Ff77d2C20F1e0,1
0xac9125614Dbf0039459f30F1e336083342A75cAA,1
0xad261d1933162a43bb9A438583155adc10df37eE,1
0xad8Cf42977Fbb3503bD8F3ee69e98bd28Ac03af2,1
0xaf80764E457D5bb531cc196A92169E202D0F2B2A,1
0xb1275E42f8620a07CA2196Fc153fedF764b6B673,1
0xb130b154CaF97cAE28Ed92F2ee70C1dd830f94f4,1
0xb246275ab015CD3a62Ad46b992b92E4e2EE10dF9,1
0xb2B05422f3D493FB5a01f277F5d2b9F06ba2A116,1
0xb2a0E8ffc16729A0aB621b2DE55E1406991b407e,1
0xb2a5BC0499F78034737529689b51E96e40f4472b,1
0xb38497d82FB6BF10fEcfaed705dE8E786C0C494b,1
0xb3d1d6b5f1E3e6A316B73EBe6d79bceC43765cae,1
0xb42573ddb86b68429C8f791ED0F2B79d2ca95588,1
0xb46Ac18F8Fc29C552450E1Ba67272e8Dfc828FD1,1
0xb48757412c17282F5262A033130a7e5929531C15,1
0xb4CEe9222bF5E54EB86B89b0d54e2F9AE3f0a115,1
0xb594dCA6ffd829aFd950E81571df6A24e88a715f,1
0xb5E28DE7FE51003CC8Aac574AE65793c657D6904,1
0xb65aFAa2c59fd94f00D667F651B5D0c800ab99B6,1
0xb68400809601797f8a80DdFF5C1a8CFF70dBd752,1
0xb6FD3bffDcE3d4107F46349AFe9024f92f424Cc8,1
0xb6ab8e6297BF46D3bCF80cf93dba6e265028A610,1
0xb7124941b5CB68Ec1C44487E57ceB2E1a208ceA7,1
0xb74e5e06f50fa9e4eF645eFDAD9d996D33cc2d9D,1
0xb7587737C30004d146b86D9808ebea32209dFf50,1
0xb75a1966589E0fB4f8612ec4Cd67e569e33065b2,1
0xb778E5F70b2315C1682B27F322C749c8333eB254,1
0xb789221616C7be137f33D545758F5510591D725E,1
0xb7A593EC62dc447eef23ea0e0B4d5144ac75ABC5,1
0xb7d49ADB031d6DBDF3E8e28F21C6Dd3b6f231cD5,3
0xb85b8dA96b9153Ab94Fa0a17439E01cb729bF539,1
0xb8c2C29ee19D8307cb7255e1Cd9CbDE883A267d5,1
0xb90781Ceb500f80A9c101225eD5451449a3Aa5bc,1
0xb941F9b7566E7108332a9eC187D222A1Cc05e422,8
0xb9630191de192D1Db1435310542a3Bd5eC203F1a,1
0xb98B46c3626F5751D843117522C61E6E41D70331,1
0xb98B88a09998b596648f41A4A27d0237edA58Ba6,1
0xb9C83fe4b9CBFa91F0D8946FBA0De2670788aE42,1
0xb9Fa876449460d9433C9f78e0a2EA576D2677fC6,1
0xb9b7Db94D57fe25907620eAae42b9780176CceeA,1
0xb9e344dF89cADdb0ed19128D16130fF943f32ba3,4
0xbAA32387bd55553Ec806622d524b12BbB8242a19,1
0xbD50fD4FF0EE12d4634d6504e054d35FAFa3BDc1,1
0xbD8e3fCDE2eD8A4872622d454FF7AC257C74F9E3,1
0xbD9c944DCFB31Cd24c81EBF1C974d950f44E42B8,1
0xbDeAc5624eca938b103d5F6AF62321d8A118E7D6,1
0xbFd7ddd26653A7706146895d6e314aF42f7B18D5,1
0xbFdec29918884C981cC3a8dE1D4478fb592a96a3,1
0xbad19B2235319DF3c6A9549b8e1044312A274441,1
0xbbcBc8BbA8e8AC9db79C99c5bFE30c062E16e1da,1
0xbcE71F7891bf3d50DeC059E63DE8591675cF1454,2
0xbcb4c8386c097589e7825aAeb9E7C6295835F1d6,1
0xbd1293983CBDc189f986bAfDA8cbf9f37fb30E2C,1
0xbd722F41bca276B05a27E0B716bdeC2cB801D952,1
0xbe4f0cdf3834bD876813A1037137DcFAD79AcD99,1
0xbe7eD1C6a66648EBf5746fF79D143065956F9Ae3,2
0xbf2b96a8c630444E3905c48d57207376156BdeE0,1
0xc0BAdD00a37D94136e47B6ab8690501eE7523F78,1
0xc15E147D52b89C705a954128572286cdAb3B2639,1
0xc1A3257aD792796b83f575664195d0B805E235Ed,3
0xc1f3eBe56FE3a32ADAC585e7379882cf0e5a6D87,1
0xc284A334Dfd7f95846eB8f8155eE3b08ACDF8583,1
0xc2956790F439E90F018Dac98B0058a1187dcDFdD,1
0xc2d54a45386de917e6F21A450d0E71F899F19a11,1
0xc3Bd6cb0BA3214a5D637C3f56Ae79224BF8bC4dC,1
0xc3DF38400CC761f95187A4C2A2EF45eeC4353E6A,1
0xc3f17178311899B068d0E2C86253E087DAB5ba8f,3
0xc42b8048764ca138aC55d04a1e1791e937589194,1
0xc47fF9a8Ba9D625369A784A9D7509Ef77bAcC91a,1
0xc4A6bB5139123bD6ba0CF387828a9A3a73EF8D1e,1
0xc4Ed448E7D7bdD954e943954459017BE63584F69,1
0xc4eFC3C0b2130eeE6Ca75748142675Af209780Ee,2
0xc537b677d45530Cc2352C904B4af221f4dE3D16F,1
0xc5EB2e0556F9C3adFE2B9Eb784E7F5f3930A8F9c,1
0xc61288821b4722Ce29249F0BA03b633F0bE46a5A,1
0xc6C8AeCb1d9cA59A09d691cDa8539992655dbfB3,1
0xc6bb76D4Db067495f8b9b545E6e1CC9e550F3ff3,3
0xc720b69172b48E923098210B075C4a692B2fB26C,1
0xc74b71781EdE8f880eC15FC7F4FfB6c7E529a832,1
0xc7a9262A09836733DB0F45ea7347AdBcbf4e8A94,1
0xc7e1D1C111cDf0D3e9ce6354a7df95FF987232ce,1
0xc7ffAceFf64194D632BCdCD7ce226F5e8c89a9a9,1
0xc8D598Fabf4D816A02c3802865c62E35c33e869e,1
0xc90923827d774955DC6798ffF540C4E2D29F2DBe,1
0xc92A0A71122054F83c8fbdADE123385Aa259C779,112
0xc95bdd29C8c552575Fa6c669d81074570e73599E,2
0xc99F3B968B7a8C88414c266C4Bd199bb1C7eb86c,1
0xc9e7D61bbDEF3F821DA08Bfdb19a2bf7e0eC60B7,1
0xcA330b5F6F52051317a7d4F3A90493818d5230Eb,1
0xcA7c767854B1E7305dE07247AB85E30543d1d9c9,1
0xcA968044EffFf14Bee263CA6Af3b9823f1968f37,1
0xcAfc736D3dCE097D8038feB54FfA00B179099DC3,1
0xcC0f607A0D47733d16E35F3Af91b446FBB1B8C89,1
0xcC202930867769A83B61cf5053b65D1845E76Aea,1
0xcCA10c95672485E8701f67Bd650253285DD395e8,2
0xcE1cB6948f9aA1dc73f2706A1eFf46f9083cd6DA,1
0xcEAcC735C67217101ABD0FFB46661C42deC366a8,1
0xcF2e856095978A8aBa47f61141c3DA5264E7f7A1,1
0xcF6F678CA78Fa1BdDe53d8059F969ea3ed46314D,1
0xcFbD8a757Cc7691BF3E3E89D754D082630E7E415,1
0xcFd4E7B368A7363A6c65e855c66C8B6b4e9Db09f,2
0xca0126c447bAF369f96a763eDf125955bDEEc0FE,1
0xca3099DFf7709da06003eCB3F0D01A095582Fa9F,1
0xca3467E0683eB009A3f8bB8D4f9AF040684b9763,1
0xca4aD39F872E89Ef23eABd5716363Fc22513E147,1
0xcaf94D7Aa8007436D83Ddfd8239ca6e69F6579A8,1
0xcb8aDF742FD717B57f5da3b2f74fC249E5ECC53a,1
0xcbBC5D06BE48B9B1D90A8E787B4d42bc4A3B74a8,1
0xcbf4Ec5e64ff05C170a07fa839Ece108f7332734,1
0xcc123b0DC18e4dC147A9cA83Ce0F59ebb54aC983,2
0xcc3c930cc2114A29106F90c10c8E32D2d770F79b,2
0xccBF601eB2f5AA2D5d68b069610da6F1627D485d,2
0xccD917241ae046CEE7E56559Dd195D35AeA5946e,1
0xcd19d500f99796aD464130406287c20E8BF8e4Ad,1
0xce2dC79fd4B71279cCf3cd07DaE4aD1CE3729898,4
0xceFBED655Dec0c7e184B6Ef8A613328AdAC841F0,1
0xcef2b9593a5952F276b2b70Eb363Ec1B935054b0,1
0xcfF7303b8E08403438c751bF21c04771252fA413,2
0xcfd8b25767E1f3c44a431b6313325D78D4Bf04B6,1
0xd00c312Fb8a7686c05bF79425b345B2371e4Cc97,1
0xd06b2094482951A96FD361d2Cf7Fd34a35437dd6,1
0xd09a61e5e144794C31DF4112A779bC3566fc09B2,1
0xd0CD8ea7563CDc2bb8Ad6a6be2E5B5d56b80595A,2
0xd0f7F7a8aA1314F4bf24646cA7a11586e1eC80E1,1
0xd106d59E2bc967e1767749E5F635539Ff5416a72,2
0xd1914137f45F690D6A9531B84344bc1952aE0F66,4
0xd1e89B9E932f6c4CaE6144B5E98ED5EA915E1d10,1
0xd1f9eeBcd233E7A5D8BB0441e3F79fBF3CfD6f98,3
0xd1fA3f9BA62cb251e785D2c7Eddd5D0A022BAaE1,1
0xd25891CfAF13C9Ca8a102709261Da2fFd0Fb0a1F,1
0xd30eB4f27aCac4d903a92A12a29f3fe758A6849c,1
0xd35fC346e15BA5b446917C9fD23A9471d6144701,1
0xd3928C1CcC5406d83fdEE4ac6277DEDfa723d3C4,1
0xd3f179Ba57411Ad5D2DDB5f334215cdfbA134D20,1
0xd42d80dE96225Bd842D2Df7fDDD8E3A9b26a82Ca,1
0xd54f7AB07175d9eFFC4b72581517800B47ee7094,1
0xd5ae28F9387de2AD89D146b4f327C8CD1F2bf5Cd,1
0xd63a8b9699fbe0b0B70C443CDA57CD667A77D1b2,1
0xd675BEff625cA054DEaCAf6fb2cBfFe13ADB87Ba,1
0xd6884F50113E87184A24b73422FeEf9Fab6047d7,1
0xd6B69e6e97F2474065c24A1494b33F8A068f299B,1
0xd7391a8B26c91632106fb4984fb3436Df5440BCA,1
0xd74FdFd5f6234372EcC93C5867217c8670C01eef,1
0xd75305c70257b1a78641Ff42e0ea15b10054DE0a,1
0xd8FD1aD0da93D380c96B9DE5F0b6624B03b7963A,1
0xd9532E8F9F82e2e785f5786c72c79c6F34FB9805,1
0xd955a9e5d65e1CC768E6317c217Add952eFd7915,4
0xd97a2f65F89F99CE03cA8F3fD2431D053d387E8f,2
0xd9A2917925CD13ACC9cb35A5740120730E6D2a4E,2
0xd9C45915A2BeB2632E9f2cAba2a3Adc47eA057eC,1
0xd9C819752dEF1C636e894bE3FF9A18E6De09c7F8,2
0xd9Da13DE745bfa50FFAAFD0a531B92f0511B72Cf,1
0xd9E17554E0e66f2Cf26018522f86D21b65D4F7ca,1
0xd9E4aCd307Cc2b07eF245373A4DD3Fea3e466ABd,2
0xdAE8c7af7930047561bD7357908080531A6EfE3f,1
0xdF420a24E010506d2D3402DD8A5b4568085A50E9,1
0xdaA12ca83de2FaB833fC28CE1300Ba6ddEe67204,1
0xdb3354B5CF08465507bf82b6EEb9Ef5160768399,1
0xdb7D27cda885767f5957e50ACCCa2F7B1300fAED,1
0xdb810E46c0EF5A0B9b8510B46F5edF44713E1DD4,1
0xdba9648Ff976995bd31D9ee9a76d2A95813d6b6b,1
0xdc54a3Dc8b8A6d143252326d0487B9988C8530BB,1
0xdc66441f5A58Ad1Dd983bB0E3eb17eF8DF530383,2
0xdc81c0Cf551195E54938944A06D2185ED1758cB0,1
0xddf543429e415a262E7617d76196621cb8375d20,1
0xde05E6c4d57CB95894f359D87080cD4D82d1B782,1
0xde99C186f223949dF2126A86C90ee41D9B6bdA36,1
0xdec08cb92a506B88411da9Ba290f3694BE223c26,1
0xe0437191B5c2507A2a2c18b86F4a17f5e2bb4d29,1
0xe085327c5AD2F77147F10973Fed45Fb19d734F7e,2
0xe0B2ADd5C2d094008d014369ab6bc5c42cF3ACAd,1
0xe0C484C905da1488700270f8398419d8B84915B5,1
0xe0b2A5594266585558d3A88cB3299e721524641E,1
0xe160A7499D4079a91c0Bb718059dDEcC31aE078D,1
0xe212c1330a24C4151cA142F8e0da778303ca2b2e,1
0xe24f1714203518c0972f9E81286E273b445980B5,1
0xe254f0EFc830BDFAaDe07EbC99A1B355530bb625,1
0xe29999070368eDebCb170647D6bfDE11B32767a8,1
0xe36746c093c9eB8F384f4ABc8406F0c72D3278eB,1
0xe43192C078E391D6243e7e45828C0669162bB9e7,2
0xe49473c41b98ca7CB69EC79df4986590344397FC,1
0xe4C2b855072E120f90044fc09863377508eddCE8,1
0xe4DFFE9829257780315eb7EB1Dd4eF4cAc0dBDCe,1
0xe4E8f69769d071A019c5E36186aF39D8EaB69B8D,2
0xe4Eea6c04362A442890D1dae8E57A60ECe8126dd,1
0xe4fb9ca52E39B83BE69E74E7Fac8f807A9c16eF9,2
0xe510647Fb531e156005c621149fe5FE3D49C18E8,2
0xe5e1e9c58DB4ECaB40fD46D7aC3578b74c1D0921,1
0xe64D330Cc8654520815AA3CE90613d89b855e3A0,1
0xe6cF807E4B2A640DfE03ff06FA6Ab32C334c7dF4,1
0xe719529Be204D3c1243952Fb5722E0cFaA0B2Be5,1
0xe7449d1590d8F91bF9d79F845627EA3bEC840483,1
0xe762f5d21e08B1E84e721B31A32535f74F48d024,1
0xe7bab002A39f9672a1bD0E949d3128eeBd883575,5
0xe7c1a078a3FC66f77761ab0D3F4bED112A7f70b3,2
0xe8C6B293e90D706652FF82bBBF8de01A84748188,2
0xe92A813F747dC64F52B78c55f5d5ad19b11Dfdc0,1
0xe9945b3AcbDc2f9dcad8871F01aa9dabBb20d882,2
0xe9Da6F508586A1002a78c815ed418dC07E0FD480,1
0xeA056794dEbdB1060D187E5887F0AFdd2A897C71,1
0xeA6a9fC10cea61405543Bd010e8511ef17aB6a2c,1
0xeAeDdD99C698DD3f610280f4a0FD08aBE37A5b57,1
0xeBEdc29cB0720C742C30D7D727C8fAf1beF23974,12
0xeD0087B28b00B92C5c7767B1dDaB3095762150CF,1
0xeD752DE8FF035D2735449a92F6E9596Fb18E00Aa,1
0xeE61B0d50D96D4249aE0E12756eDC199BBB7D070,1
0xeE7840DAC7C3ec2cCDe49517fd3952e349997aB5,3
0xeF8e26bCc5f0d49eabad131974Bd2D4Ed3782835,1
0xea23c259b637f72D80697D4A4D1302df9f64530B,1
0xeb5C8892E6591bE5462E8FF06E5a023735F24104,1
0xec6FA687EBc1025A24a70b7c5bF9a2B6772F3Ba1,1
0xed0C82a6309566aBf5B8E21B8B68030eb4AC7ceC,1
0xed32dA4B236f0E394Af5dB56271be321E4b6D5d1,1
0xed6b5eD47163c7eF807E09C9dA9b50a1783BC59C,1
0xee1e438e4D9e06958A8b86a7b2c969E9B7E5E982,1
0xef05A4dcB38843616d50fedd5275170dD7924b17,2
0xefb668801D0C257FFEbDaE1D0060515E6f5a8180,1
0xf0772CabDc9c9B9b418CF19B4844b3e3Cf4028b8,1
0xf0AB3Aec33799d83a3DEABFb95B7a71f3A14F4ac,1
0xf0D6999725115E3EAd3D927Eb3329D63AFAEC09b,1
0xf0d66807004b4080E02026b50DA1d3b214d2b4b6,1
0xf179945e6D4B3C56F5b00c6d80aD3C184CCFE0D2,1
0xf19E2779F87ebeED88D37dF09AA35eC0018d2758,1
0xf1c7acB5443cA99A5afEe1c55c4CE0E6CD9D6312,1
0xf27B173b8B24561f040e5Efd37b4ba28Fd465040,1
0xf2f6225962E7B1098D10f8B421b0c31936c7dCD2,1
0xf315E8f6312bF0a5Bc53AAd4138b4ADd39609573,1
0xf32746F07df8e1F928F1C6E6736b29B21Fe58DA7,1
0xf33d9F9E7621842dB67D61fF5008BE996370BA77,2
0xf38746dC80Af641247F4cA11ECE611696806D438,1
0xf39d98C71c4304f1DDCa3BB34c49fdfb2d429F79,1
0xf3B1B6e83Be4d55695f1D30ac3D307D9D5CA98ff,1
0xf3C0c3C4783A4cf59Da6B6875FeF1468c3543D00,1
0xf3D476566BCC8E882A3910F1471428522449d89E,4
0xf42a339F93c1fA4c5D9ace33DB308A504E7B0bdE,1
0xf44967E27a71E90620B88166670389086972bF42,1
0xf47E84d32eeb574d7f4C2e99ce132A927268243e,1
0xf486d56ccE70c481b3455aF901fCC4F03FeE8107,1
0xf49d2bcC52F0b46a98204721f98Ce9d4e6730BEd,1
0xf4cb0399fd1B3c370a297FDc21090a28A1366608,1
0xf4e402Fb6178E66f7630f2e8F14Fcf9Ff86327E1,1
0xf52D4a80B14372e2dbB1192Eb9c0A3F4053B9231,1
0xf53cAB0C6F25f48F985d1e2c40E03FC7C1963364,2
0xf5B4635f3858a2Bc80a17BD4450E05a35Ad99A72,1
0xf65c0432c4f740EF60a327714059F2d3dfBDb2B9,3
0xf67e69c363771abF7319c4995aCBC99F90e32D61,1
0xf68600d9e1365837163929Fd725732aC1C2a5b95,1
0xf69EA6646cf682262E84cd7c67133eac59cef07b,3
0xf6B6F07862A02C85628B3A9688beae07fEA9C863,1
0xf70914eC48a002a2F0167E16d0B924190a1Ba073,1
0xf70A270c3b7a3454B046268271330715f715c684,1
0xf71fc92e2949ccF6A5Fd369a0b402ba80Bc61E02,1
0xf72D580A01163B6012ae7623Df7621D75083913f,1
0xf7463e7335033586683Ac1f3DF3080a0B38BaBe9,3
0xf77e60088401D82E67b42E1F04eEf53308cf4a19,1
0xf7845cc3D24a511e15a0368871465f0dC5Ae4fB1,1
0xf84975C731E88bd46c7017887b66C8e62efCe9A3,1
0xf84e0C56d402d4ef36b37503Be8BaD4246572C6f,2
0xf89e388D02635F2A9B8Ab567618940829Bd9af07,1
0xf8Ddb07ac0dCE831924b59A9173aA855443f2e01,1
0xf8de7c5C20F5322D83f62eb18924E15d07b3BF51,1
0xf96D09c553db50EF8198eED965dF9E660133C23A,2
0xf996bDBcC6A847FdCbf8e2e6017964EC7F50e289,1
0xf9B9FA540D954D35cF9D803FF859802AED9DbE33,1
0xfA508Abc6e344bf24E702Eee803731fae056a407,3
0xfA93c414267f0Bb41242ff82FD9a832891f41F1D,1
0xfB7238A230de49E96D2A880BA984DFA1e2523f85,1
0xfC346690666B1F3e0b8FA729f94cCe64969eD074,1
0xfCf7Ac816beD302829847dC03bc1C03Ba53c5C96,2
0xfD8bC88749375c12FA0b36Fc564B5Cc797032306,7
0xfDf7055aF7536e40edea3B1921ad1b72D9a6DBaB,1
0xfE1Ab8EaA5E40c723706C62FF212607D256403e5,4
0xfEEAa6A2aE0D4a15e947AFC71DC249A29Dc2778d,1
0xfEa04B2B2a3480658291199c7d14916151E3464d,1
0xfF0613779201d09EC7F31f2FFf5238D3998244E7,1
0xfF504B0F481EecD15A5EdD1bfFbF4E491913F728,1
0xfF6f6ADDc6dd39817C8205bF252CA03DA08D55ec,1
0xfF73c6C388cCc7aDcFEFD5d8d451bDc4af932f4B,1
0xfF930baba40e59262912Ae9CA862B622b29BFf41,1
0xfb4A5AE508Dc15E2E1172bAE69fB8ad18Cc81d73,1
0xfba674dBBbFaFEd6da9895051E5204DE824325b9,1
0xfbea1b97406C6945D07F50F588e54144ea8B684f,1
0xfe32A37F15ee4a4b59715530E5817D1322B9df80,1
0xfe6Bc0f11013642C983e3691A272CB71374F774A,1
0xfeAC37ccC4afbC8Ae635B510Be41d2eAC8e171ED,1
0xfef7171525ADB6834686B727597EF9fE37547AfE,1
0xff48f17E93a0173B1f4767C80C03d2857c729384,1
0xffd91D21aada737a54902E5C09f4af5A8E52252D,1
